MGW_Pos_1	MGW_Pos_2	MGW_Pos_3	MGW_Pos_4	MGW_Pos_5	MGW_Pos_6	MGW_Pos_7	MGW_Pos_8	MGW_Pos_9	MGW_Pos_10	MGW_Pos_11	MGW_Pos_12	MGW_Pos_13	MGW_Pos_14	MGW_Pos_15	MGW_Pos_16	MGW_Pos_17	MGW_Pos_18	MGW_Pos_19	MGW_Pos_20	MGW_Pos_21	MGW_Pos_22	MGW_Pos_23	MGW_Pos_24	MGW_Pos_25	MGW_Pos_26	MGW_Pos_27	MGW_Pos_28	MGW_Pos_29	MGW_Pos_30	MGW_Pos_31	MGW_Pos_32	MGW_Pos_33	MGW_Pos_34	MGW_Pos_35	MGW_Pos_36	MGW_Pos_37	MGW_Pos_38	MGW_Pos_39	MGW_Pos_40	MGW_Pos_41	MGW_Pos_42	MGW_Pos_43	MGW_Pos_44	MGW_Pos_45	MGW_Pos_46	MGW_Pos_47	MGW_Pos_48	MGW_Pos_49	MGW_Pos_50	MGW_Pos_51	MGW_Pos_52	MGW_Pos_53	MGW_Pos_54	MGW_Pos_55	MGW_Pos_56	MGW_Pos_57	MGW_Pos_58	MGW_Pos_59	MGW_Pos_60	MGW_Pos_61	MGW_Pos_62	MGW_Pos_63	MGW_Pos_64	MGW_Pos_65	MGW_Pos_66	MGW_Pos_67	MGW_Pos_68	MGW_Pos_69	MGW_Pos_70	MGW_Pos_71	MGW_Pos_72	MGW_Pos_73	MGW_Pos_74	MGW_Pos_75	MGW_Pos_76	MGW_Pos_77	MGW_Pos_78	MGW_Pos_79	MGW_Pos_80	MGW_Pos_81	MGW_Pos_82	MGW_Pos_83	MGW_Pos_84	MGW_Pos_85	MGW_Pos_86	MGW_Pos_87	MGW_Pos_88	MGW_Pos_89	MGW_Pos_90	MGW_Pos_91	MGW_Pos_92	MGW_Pos_93	MGW_Pos_94	MGW_Pos_95	MGW_Pos_96	MGW_Pos_97	MGW_Pos_98	MGW_Pos_99	MGW_Pos_100	MGW_Pos_101
NA	NA	5.32	5.14	5.15	5.8	5.38	5.13	5.43	5.44	4.81	4.46	4.79	4.46	4.9	5.28	5.53	3.79	4.75	5.73	5.58	4.9	5.08	5.34	4.97	4.63	4.74	3.85	3.95	4.86	4.68	4.52	4.63	4.73	4.68	4.85	5.29	5.41	6.2	6.2	5.41	5.33	5.14	5	4.67	4.74	4.36	4.05	4.42	4.29	4.03	4.46	5.35	5.5	4.46	4.69	5.46	6	5.4	4.27	4.12	4.46	5.52	5.6	4.95	4.06	4.03	4.66	5.41	5.56	4.42	3.75	4.63	5.15	5.93	5.74	4.95	4.53	5.43	5.32	4.49	4.38	5.42	5.42	4.97	4.63	4.82	4.14	4.8	5.31	5.26	5.43	5.91	5.65	4.82	3.64	4.54	5.52	5.79	NA	NA
NA	NA	5.58	5.8	5.2	5.21	4.76	3.63	3.84	4.46	4.79	4.46	4.36	4.43	5.14	5.47	5.93	5.22	3.75	4.36	5.57	5.82	4.88	4.8	5.31	5.41	5.82	5.65	5.32	4.8	5.16	5.39	5.91	5.4	4.65	4.51	4.82	5.66	5.3	4.78	4.86	4.68	4.92	5.45	5.3	4.82	4.97	5.76	5.74	5.74	5.31	4.84	5.38	5.56	4.84	5.19	5.53	4.8	4.63	5.05	5.02	5.42	5.42	4.38	4.24	5.62	5.55	5.13	5.38	5.8	5.2	5.19	4.52	3.34	3.85	5.1	5.66	6.07	5.76	4.8	4.51	5.22	5.93	5.48	5	4.89	5.45	4.46	3.84	3.63	4.35	5.4	5.93	5.74	5.27	5.16	5.52	4.94	4.72	NA	NA
NA	NA	4.33	4.06	4.05	4.89	5.66	6.02	5.76	5.55	5.79	5.67	5.27	5.16	5.75	4.98	4.66	5.38	5.55	5.78	5.45	4.65	3.75	4.33	5.46	5.3	4.51	4.43	5.14	5.33	5.41	5.99	5.91	4.7	4.05	3.75	3.64	4.46	4.85	4.8	4.92	5.31	5.08	5.13	5.46	6.01	6.01	5.46	4.96	5.16	5.16	4.36	4.06	4.05	4.35	5.4	5.5	5.84	6.02	5.62	5.17	4.97	5.58	5.24	4.3	4.99	5.27	5.23	4.89	4.69	5.2	5.62	5.08	4.57	5.04	5	4.68	4.52	5.15	5.93	5.48	5.13	5.37	5.44	4.36	4.36	5.57	6	4.74	3.75	4.81	5.57	5.73	4.24	4.67	5.85	5.73	4.7	3.35	NA	NA
NA	NA	4.89	5.8	5.84	5.32	5.2	4.49	3.85	4.74	4.63	4.97	5.34	5.88	5.53	5.6	4.68	4.18	4.73	5.22	5.47	5.93	5.4	4.35	3.63	3.84	4.27	4.3	4.65	4.74	4.63	4.76	4.92	5.47	5.67	4.89	4.53	4.89	5.56	5.47	5.14	4.97	4.78	4.62	4.75	4.82	4.61	4.67	5.4	5.9	5.65	4.98	4.64	4.86	5.22	5.67	5.69	4.98	4.51	4.63	4.36	4.98	5.47	5.67	4.89	5	5.4	5.67	5.59	5.37	4.83	4.67	5.05	4.63	4.8	4.93	5.02	5.34	5.34	5.34	5.23	5.24	5.41	5.4	4.98	5.22	6.01	4.94	4.45	4.7	5.19	5.39	5.09	4.63	4.63	4.51	4.82	5.41	5.4	NA	NA
NA	NA	4.92	4.63	4.8	4.93	5.02	5.42	5.42	4.82	3.64	4.68	5.96	5.57	5.11	4.65	4.86	5.11	5.1	5.74	5.82	5.3	4.51	5.22	5.94	5.84	5.32	5.33	5.14	5	5.04	4.57	3.74	4.52	5.31	5.56	5.24	5.41	5.67	4.95	4.53	5.43	5.56	5.14	4.74	4.27	3.79	4.8	4.8	4.51	4.43	4.67	4.92	4.63	4.31	4.81	5.62	5.37	4.69	4.89	5.23	5.27	5.34	4.97	4.84	4.82	5.54	5.36	4.47	4.63	4.77	5.35	5.84	5.2	5.21	4.52	4.02	3.9	3.75	4.12	4.12	5.21	5.2	5.84	5.35	4.46	4.12	3.63	4.76	5.42	5.08	4.84	4.73	5.32	5.84	5.67	5	4.53	5.43	NA	NA
NA	NA	4.8	4.97	4.68	4.92	5.19	5.89	5.74	5.88	5.36	5.08	5.41	4.76	3.63	2.85	2.85	4.12	5.41	5.3	4.82	4.51	4.05	3.68	4.89	5.66	5.89	4.72	4.98	5.56	5.31	5.02	4.73	4.69	5.37	5.86	5.17	4.3	4.27	4.69	5.46	5.52	5.38	5.4	5.4	5.38	5.52	5.65	5.24	5.05	5.5	5.15	4.27	4.39	4.43	5.33	6	5.49	4.81	4.51	4.82	5.3	5.41	4.76	3.38	3.38	3.68	4.02	4.8	4.74	4.35	4.05	4.65	4.3	5.14	5.32	4.8	3.79	4.75	5.66	5.53	5.11	5.28	6.02	5.14	4.3	4.65	5.1	5.73	5.73	4.75	2.85	3.75	5.22	5.94	5.22	4.14	3.35	3.68	NA	NA
NA	NA	5.46	4.81	4.46	5.34	5.48	4.49	4.38	5.58	4.97	4.85	4.85	4.8	4.52	5.15	6	5.4	4.52	3.34	3.85	5.1	5.66	6.02	5.84	4.79	4.77	4.77	5.52	5.46	5.02	4.8	5.4	4.72	4.98	5.75	5.16	5.27	5.67	5.16	5.1	5.05	4.85	4.93	5.44	5.42	4.12	2.85	4.24	5.15	5.3	5.02	4.96	5.19	5.88	6.02	5.28	4.36	2.85	3.63	4.35	4.74	4.67	5.29	5.9	5.46	4.24	4.24	5.03	5.57	4.99	5.04	4.92	5.02	5.34	5.53	5.22	5.35	5.4	4.84	4.97	5.08	3.84	3.63	3.38	4.35	4.74	5.14	5.33	5.41	6.2	5.54	5.13	5.2	4.95	4.85	5.1	5.38	5.43	NA	NA
NA	NA	5.05	5.17	5.8	6	5.32	4.57	5	5.32	5.31	4.97	4.63	4.74	3.85	3.34	3.35	4.36	4.63	4.97	5.58	5.31	4.14	4.52	5.4	5.52	5.38	5.89	5.48	4.93	4.68	4.97	4.37	4.18	4.8	4.9	4.93	5.44	5.31	4.92	4.65	4.57	3.74	4.48	5.49	5.73	5.33	5.54	5.54	4.03	4.52	5.4	6	5.15	4.63	4.42	4.29	4.77	5.4	5.94	5.4	4.27	3.79	4.8	4.8	4.51	4.43	4.67	4.92	5.02	5.34	5.53	4.84	4.94	5.31	5.32	4.98	5.31	5.38	4.33	4.06	4.74	4.74	4.8	4.52	4.5	4.8	4.02	4.52	5.42	5.56	4.53	4.95	5.53	5.39	4.89	4.76	4.85	4.92	NA	NA
NA	NA	5.62	5.74	5.41	5.29	4.94	4.82	5.41	5.75	5.22	4.73	4.84	5.08	5.42	4.82	4.33	5.08	5.42	4.52	3.35	3.74	4.57	4.65	4.02	4.52	5.21	4.97	4.85	4.84	4.97	5.58	5.56	4.42	3.75	4.05	3.68	4.89	5.73	5.73	4.89	4.05	3.85	4.24	5.73	5.82	4.75	4.12	4.56	5.28	5.68	5.6	4.89	3.84	3.63	4.35	5.4	5.94	5.84	5.32	5.33	5.14	4.86	3.95	4.38	5.65	6	5.35	4.85	4.95	5.2	4.98	5.1	5.73	5.5	5.05	5.17	5.8	5.96	4.98	4.76	4.69	4.51	4.8	4.8	5.11	5.58	5.85	4.67	3.34	4.52	5.31	5.42	5.02	4.93	4.8	4.76	4.63	4.35	NA	NA
NA	NA	4.42	4.73	4.61	4.95	5.31	5.32	5.94	5.66	5.24	5.23	5.53	4.66	4.98	5.75	5.41	5.17	5.37	5.59	5.67	5.52	4.92	4.76	4.63	4.31	4.03	5.54	5.54	4.03	4.52	5.31	5.56	4.93	4.93	5.46	5.56	4.42	4.54	5.4	5.31	5.19	5.02	5.49	5.31	4.77	4.29	4.78	5.3	5.23	5.08	4.84	4.94	5.58	5.64	5.1	4.73	4.69	4.94	5.67	5.47	4.54	3.64	4.82	5.65	5.9	5.3	4.37	3.64	4.82	5.42	5.56	5.24	5.33	5.38	4.66	4.98	5.33	5.32	5.84	5.8	5.3	4.37	4.42	5.56	5.43	5.1	5.05	4.63	4.92	5.4	5.31	4.94	4.63	4.63	4.94	5.31	5.53	5.13	NA	NA
NA	NA	5.19	4.93	4.9	5.02	5.1	5.08	4.96	4.77	4.95	5.3	5.15	5.13	5.53	5.39	4.96	4.61	4.95	5.31	4.95	4.85	4.84	4.73	4.95	5.3	5.29	4.96	4.82	4.62	4.99	5.6	5.53	5.76	5.33	5.02	4.73	4.42	4.05	3.68	3.38	3.38	4.76	5.42	5.44	4.66	4.03	4.06	4.05	4.35	4.98	5.38	5.43	4.96	4.93	5.43	5.56	5.14	4.97	4.85	4.82	5.33	5.5	5.5	5.23	5.27	5.53	5.39	4.93	4.85	5.05	5.02	4.86	5.09	5.39	6.01	5.84	5.15	4.99	5.5	5.55	5.78	5.41	4.12	2.85	4.24	5.46	5.9	5.4	5.02	4.86	5.25	5.74	5.94	5.94	5.56	4.77	4.66	5.39	NA	NA
NA	NA	3.84	4.75	5.82	5.73	4.24	3.85	4.05	4.89	5.73	5.85	5.17	4.97	5.21	4.12	3.84	4.46	5.45	4.89	3.74	4.52	5.4	5.52	5.22	5.53	5.19	4.93	4.73	4.63	4.35	3.38	3.68	3.35	4.14	5.31	5.38	4.84	5.56	5.38	5.13	5.46	6.01	6.01	5.53	5.61	4.8	5.32	5.65	5.53	5.33	4.92	4.7	4.03	4.06	4.05	4.76	5.21	5.89	5.99	5.91	4.89	3.68	3.35	3.74	4.51	5.19	5.34	5.34	4.99	4.3	4.65	5.1	5.66	5.53	3.79	4.12	5.42	5.42	5.02	4.73	4.69	5.37	5.44	4.9	4.46	5.23	4.89	4.53	4.51	5.19	5.31	5.32	4.49	3.85	4.74	4.98	5.21	4.8	NA	NA
NA	NA	5.57	5.58	4.82	4.33	5.38	5.56	4.77	4.29	4.42	4.81	5.58	5.85	4.87	4.03	4.58	4.62	4.78	4.93	4.63	4.8	4.93	4.85	4.93	5.39	5.56	5.14	5	5.04	4.73	4.45	4.58	4.89	5.39	5.32	4.49	4.38	5.7	5.78	5.78	5.41	4.95	4.06	4.33	5.19	5.56	5.22	4.57	3.74	4.31	5.15	5.93	5.47	4.94	4.77	5.29	5.37	4.83	4.67	5.4	5.23	5.84	5.53	5.6	4.99	4.73	5.02	5.66	5.56	4.84	5.38	5.56	4.84	5.38	5.8	5.73	5.1	5.11	4.86	5.53	5.14	5.02	5.28	5.64	5.75	4.98	4.35	3.68	3.35	4.14	5.1	5.05	4.65	4.74	4.74	5.14	5.33	5.26	NA	NA
NA	NA	4.93	5	4.93	5.29	5.9	5.46	4.24	2.85	4.27	5.4	6	5.65	5.24	4.97	5.19	4.92	4.65	4.99	5.57	5.21	4.95	4.65	4.97	5.58	5.24	4.95	5.2	4.49	4.38	5.42	5.08	5.13	5.46	5.3	5.11	5.57	5.96	4.98	4.76	4.84	4.46	4.33	5.08	5.42	4.52	3.35	3.74	4.57	5.04	5.29	5.8	5.22	4.14	4.52	5.19	4.97	5.24	5.65	5.9	5.29	4.67	4.85	4.85	4.3	4.27	4.39	5.22	5.5	5.27	4.99	4.3	4.65	4.05	4.76	5.42	5.44	4.93	4.73	4.63	4.35	3.68	4.02	4.8	4.85	4.85	4.95	5.29	4.94	4.33	4.17	4.82	5.15	5.94	5.4	4.42	4.68	5.96	NA	NA
NA	NA	4.75	4.76	4.9	4.51	5.08	5.62	5.74	5.41	5.29	4.94	4.72	4.93	5.23	5.08	4.69	5.15	5.78	5.79	5.75	5.14	4.43	3.75	4.36	5.28	5.53	5.02	5.15	5.78	5.78	5.45	4.52	4.14	5.31	5.58	5.19	4.51	5	5.2	5.32	5.84	5.94	5.4	4.27	3.84	4.27	5.27	6.2	5.93	5.33	4.92	4.95	4.61	4.17	5.01	5.62	5.37	5.33	5.73	5.57	4.9	4.46	5.45	4.94	4.84	5.38	5.31	5.11	5.62	5.74	5.41	5.2	5.13	5.37	5.3	5.11	5.44	5.99	5.74	5.1	5.11	5.73	5.49	4.93	4.65	4.83	5.16	4.8	5.32	5.4	5.32	5.76	5.23	5.27	5.53	5.31	4.97	4.69	NA	NA
NA	NA	4.29	4.85	5.4	5.39	4.96	5.02	5.3	5.7	4.82	4.33	5.19	5.53	4.95	4.61	4.73	4.85	5.29	5.26	5.28	5.34	5.16	4.83	5.04	5	4.93	4.92	5.02	5.31	5.53	4.95	4.61	4.82	4.89	5.39	5.53	4.8	4.8	5.67	5.16	5.1	5.4	5.8	5.4	4.84	4.97	5.53	5.22	5.35	5.22	5.11	4.86	5.54	4.72	4.98	5.47	5.56	5.4	5.1	5.16	5.67	5.13	5.18	5.18	5.02	5.4	5.23	5.27	5.34	4.97	4.84	5.56	5.41	4.89	4.75	4.82	5.02	5.41	5.67	5.13	5.18	5.41	4.77	4.85	5.3	5.8	5.84	5.2	5.58	4.82	3.64	4.37	4.93	5.01	5.06	5.1	5.39	5.45	NA	NA
NA	NA	5.28	4.9	4.46	5.23	4.89	4.78	5.1	5.05	4.65	4.74	4.63	4.76	4.8	4.97	4.93	4.92	5.02	5.31	5.56	5.14	5	4.74	4.36	4.63	4.94	5.31	5.56	5.22	4.57	4.53	4.93	5.46	5.68	5.6	5.5	5.27	5.5	5.22	3.75	3.75	4.43	4.67	4.92	5.02	5.34	5.88	5.93	5.82	5.74	5.31	4.77	4.7	5.19	5.16	4.36	4.82	5.58	5.89	5.74	5.62	5.33	5.2	5.62	4.24	4.38	5.7	5.78	5.79	5.52	4.94	4.82	5.66	5.3	4.98	5.4	5.41	5.17	5.43	5.25	4.96	4.63	4.81	4.76	4.89	5.19	5.53	4.84	4.94	5.58	5.8	5.32	5.29	4.92	4.76	4.69	4.36	3.75	NA	NA
NA	NA	4.03	4.7	5.73	5.73	4.89	3.38	3.38	3.63	4.12	4.19	4.94	5.42	5.31	4.52	4.14	5.22	5.94	5.15	4.52	4.8	4.43	4.51	4.8	5.32	5.88	5.19	4.93	4.73	4.63	4.35	3.63	2.85	2.85	3.63	4.76	5.42	5.42	4.97	4.63	4.31	3.34	4.38	5.58	4.97	5.24	5.42	5.08	5.13	5.55	5.76	4.68	4.33	5.84	6.2	5.41	5.2	5	4.51	5.19	5.42	5.42	4.76	3.63	4.12	3.75	4.98	5.56	5.39	4.93	4.85	4.73	4.78	5.31	5.41	4.66	4.45	4.73	5.04	5	5.14	5.47	5.56	5.29	4.74	3.75	4.12	4.12	5.21	5.57	5.43	5.45	5.08	5.22	5.52	5.6	4.52	3.35	NA	NA
NA	NA	4.24	4.25	4.85	4.67	5	4.68	4.92	5.45	5.3	5.24	5.43	5.53	5.27	5.08	5.15	4.81	3.75	4.74	5.76	5.2	4.03	4.48	5.62	5.37	5.33	5.73	5.82	4.89	3.38	3.38	3.68	4.02	3.9	3.75	4.81	5.28	6.02	5.76	5.55	5.79	5.75	5.14	5.04	5.1	5.23	5.38	4.84	4.47	5.36	5.38	5.1	4.85	4.95	5.31	4.8	4.63	5.4	5.9	5.6	4.95	4.06	4.36	4.73	5.33	5.93	5.54	4.69	4.86	4.68	4.52	5.15	5.94	5.84	5.73	5.5	5.73	5.47	5.1	5.06	5.01	4.73	4.53	4.89	6.01	5.22	5.11	5.13	5.69	4.99	4.62	4.75	4.82	5.02	5.41	5.67	4.8	4.8	NA	NA
NA	NA	4.84	4.8	5.19	5.34	5.53	4.66	4.74	4.92	4.85	4.76	4.75	4.89	5.19	5.34	4.99	5.15	5.8	5.41	4.66	4.77	5.4	5.35	4.77	4.77	5.34	5.48	4.49	3.85	4.74	4.74	4.8	4.52	5.15	5.5	5.08	4.66	4.74	5.17	5.46	5.19	4.63	4.94	5.19	5.2	5.5	5.05	5.24	5.65	5.9	5.29	4.93	5.04	5.1	5.16	5.4	5	4.51	4.9	4.93	5.44	5.3	4.81	4.46	4.79	5.08	5.22	5.35	5.4	4.42	4.54	5.47	5.56	4.89	4.78	5.1	5.73	5.84	5.8	5.29	5.04	4.99	5.49	5.5	5.2	5.03	4.69	5.08	4.97	4.33	4.46	5.35	6	5.65	4.98	4.21	4.21	4.43	NA	NA
NA	NA	4.21	4.7	5.02	4.81	4.8	4.93	4.63	4.92	5.4	5.43	5.24	5.66	5.94	5.2	5.19	4.65	4.31	4.76	4.63	4.35	3.38	3.63	2.85	4.24	5.03	5.2	5.84	5.94	5.15	4.52	3.9	4.36	4.36	4.98	5.33	5.32	5.84	6.01	4.89	3.74	3.35	4.52	5.42	5.56	4.93	4.72	4.51	4.65	5.45	5.3	5.24	5.43	5.56	5.14	5	5.04	4.99	5.02	4.82	5.22	4.79	5.27	5.5	5.55	5.55	5.5	5.27	4.79	4.46	4.36	4.88	5.75	5.75	5.1	4.25	4.24	4.86	5.53	5.14	5.15	5.5	5.49	5.28	5.64	5.75	4.98	4.36	4.05	4.51	4.82	5.41	5.4	4.98	5.1	5.74	6.2	5.93	NA	NA
NA	NA	4.77	5.31	5.05	5.17	5.85	5.58	4.9	4.46	4.79	4.46	4.36	4.43	5.14	5.75	5.41	4.82	4.94	5.52	5.41	5.02	4.96	5.41	5.8	5.32	5.29	4.54	4.18	4.82	5.54	5.22	4.7	4.45	4.73	4.65	4.92	5.31	5.44	4.89	4.58	4.45	4.73	5.22	5.56	5.31	5.02	5.05	5.1	5.23	4.89	3.84	4.12	5.42	5.44	4.93	4.73	4.63	4.63	3.75	4.42	5.56	5.38	4.33	4.82	5.65	6	5.15	4.63	4.31	4.76	4.84	4.85	4.95	5.31	4.95	4.33	4.97	5.6	5.53	5.88	5.34	4.94	4.19	4.81	5.58	5.58	5.01	4.17	4.83	5.36	5.16	4.69	4.8	4.9	4.93	5.44	5.42	4.82	NA	NA
NA	NA	5.57	5.43	5.91	5.46	4.69	4.89	5.23	4.61	4.94	5.31	5.08	5.13	5.84	5.54	4.69	4.89	5.23	5.27	5.27	4.79	5.38	5.89	5.48	4.81	4.31	4.51	4.84	5.08	4.79	5.38	5.4	5.32	5.14	5.02	5.28	5.56	5.42	5.42	5.53	5.1	4.25	3.34	3.35	4.52	5.41	5.08	5.27	5.53	5.43	4.53	5	5.37	5.53	5.14	5.02	4.99	5.32	5.84	5.67	4.88	4.63	5.05	4.85	4.93	5.44	5.31	4.92	4.65	4.99	5.26	5.31	4.8	4.8	5.31	5.41	5.82	6.01	5.76	5.4	4.98	4.94	5.34	5.34	5.5	5.6	5.68	5.56	5.28	5.26	5.2	5	4.57	5.22	5.56	5.31	4.94	4.84	NA	NA
NA	NA	4.68	4.85	5.47	5.67	5.39	5.1	5.08	4.96	4.96	5.43	5.54	4.82	4.84	5.19	5.56	4.98	4.66	5.53	4.97	4.84	4.94	5.67	5.48	4.98	5.3	5.66	4.82	4.51	4.65	5.19	4.97	5.24	5.42	5.42	4.94	4.84	5.38	5.23	5.27	5.74	5.56	5.4	4.67	4.61	4.82	4.75	4.75	4.89	5.19	5.88	5.93	5.37	4.69	4.86	5.41	5.69	4.65	4.51	4.69	5.09	5.36	5.65	4.93	4.69	5.37	5.93	5.84	4.79	4.77	4.63	4.51	4.98	5.76	5.55	5.13	5.19	5.56	5.22	4.73	4.45	4.29	4.42	4.63	5.15	5.93	5.48	4.98	5.22	5.94	5.15	4.82	4.14	4.14	4.82	4.92	5.75	5.23	NA	NA
NA	NA	5.5	5.5	5.55	5.55	5.5	5.34	4.97	5.13	5.55	5.76	5.33	4.74	4.35	3.63	3.84	4.46	5.5	5.22	4.39	4.27	5.15	5.84	5.94	5.15	4.52	4.65	4.73	4.45	4.58	4.89	5.39	5.53	4.95	4.53	5.43	5.4	4.92	4.63	4.92	5.04	4.57	5.08	4.86	4.65	5.11	5.44	5.99	5.27	4.27	4.39	4.69	4.76	4.8	4.97	5.41	5.69	5.79	6.07	5.66	4.75	2.85	3.75	5.22	5.5	4.46	4.9	5.58	5.58	4.81	4.42	4.68	4.85	5.05	4.63	4.14	4.94	5.19	5.57	5.02	4.81	4.98	5.96	5.82	4.89	3.68	4.03	4.14	4.88	5.37	5.53	5.88	5.23	4.53	4.17	4.03	4.7	5.73	NA	NA
NA	NA	5.4	4.35	3.68	4.03	4.61	5.43	5.94	5.2	5.21	4.12	3.84	4.46	4.79	4.46	4.12	3.63	4.35	5.4	6	5.46	5.02	4.65	5.37	4.88	4.63	5.04	4.68	4.52	5.15	6	5.65	5.24	4.97	5.19	4.52	3.34	4.38	5.65	5.91	4.89	5.08	5.73	5.82	4.75	4.12	3.75	4.74	5.84	5.13	5.33	5.54	5.54	4.03	3.35	4.36	4.74	4.8	4.92	5.19	5.89	5.74	5.76	4.97	4.33	4.67	5.05	4.63	4.92	5.47	5.93	5.4	4.27	2.85	4.36	5.58	5.73	4.75	2.85	4.24	5.03	4.97	4.65	4.95	5.6	5.9	5.29	4.67	4.74	4.74	4.65	5.05	5.5	5.73	5.1	4.78	4.89	5.56	NA	NA
NA	NA	4.76	4.81	4.84	5.38	5.6	5.59	5.37	4.96	4.72	4.94	5.4	5.31	5.02	5.05	5.02	5.19	5.46	5.18	4.85	4.33	4.95	5.53	5.39	4.96	4.77	4.72	4.94	5.4	5.39	4.96	4.77	4.77	4.96	5.39	5.4	4.94	4.72	4.77	4.73	4.42	4.65	5.31	5.56	5.06	5.41	5.54	5.42	5.28	4.96	4.63	4.47	5.27	5.51	5.2	5.09	5.39	6.01	5.4	4.92	5.08	5.29	4.96	4.96	5.44	5.31	4.65	4.51	4.77	5.4	5.53	4.92	4.52	4.8	4.85	4.46	3.64	4.37	5.3	5.9	5.65	4.98	4.62	5.06	5.01	4.93	4.78	4.73	4.61	4.95	5.67	5.67	5.59	5.27	5.01	4.92	4.74	4.36	NA	NA
NA	NA	5.74	5.47	4.85	4.21	4.43	4.95	5.6	6	5.4	4.36	3.35	4.14	5.22	6.01	5.39	4.7	4.7	4.83	5.22	5.56	5.19	4.84	4.8	4.81	4.98	5.6	5.53	5.88	5.19	4.93	4.81	4.19	4.12	3.63	3.38	4.35	4.74	4.8	4.02	4.52	5.42	5.44	4.93	4.85	5.05	4.63	4.63	5.04	4.68	4.52	4.5	4.67	5	4.68	4.02	4.7	5.82	5.96	4.68	4.33	5.43	5.91	4.89	3.63	3.84	4.46	4.79	4.77	4.63	4.51	4.31	4.65	5.45	5.3	5.24	5.56	5.42	4.52	4.02	4.65	4.99	5.57	5.58	4.38	3.34	4.31	5.15	5.5	4.46	4.9	5.57	6	5.32	4.57	4.53	4.89	5.56	NA	NA
NA	NA	5.06	5.01	4.92	4.74	4.36	4.63	4.94	5.58	5.31	4.78	4.73	4.85	4.95	5.22	5.65	5.17	5.04	4.99	5.26	5.29	4.92	4.63	4.73	4.69	5.54	5.84	4.96	4.73	5.1	5.64	5.58	5.02	4.93	4.78	4.73	4.77	4.96	5.08	5.1	5.47	5.73	5.84	6.01	4.89	3.74	3.35	3.68	4.76	5.41	5.3	5.24	5.56	5.42	4.52	3.35	4.14	5.31	5.58	5.02	4.93	4.8	4.63	4.92	5.04	4.73	4.84	4.97	5.53	4.94	5.28	5.4	5.09	5.08	5.1	5.74	5.88	5.68	5.28	4.94	5.38	5.33	4.82	4.94	5.4	5.43	4.53	5	5.82	5.49	4.93	4.8	4.43	4.36	3.75	4.74	4.92	4.63	NA	NA
NA	NA	5.76	5.23	5.27	5.53	5.31	4.97	4.69	4.39	5.08	5.23	4.53	4.17	4.03	4.52	5.6	5.91	5.43	5.57	5.21	4.95	3.85	3.34	4.52	5.4	5.91	4.89	3.74	3.35	3.68	4.76	5.42	5.42	5.02	4.92	4.74	4.66	4.82	5.27	5.74	5.88	5	4.53	5.56	5.42	5.24	4.97	5.21	4.52	3.35	4.03	5.37	5.93	5.14	4.3	4.65	4.05	3.38	4.89	5.66	6.07	6.07	5.62	5.17	4.3	4.99	4.99	5.27	5.82	5.3	3.79	4.27	4.74	4.8	4.93	5.58	5.58	4.93	3.9	4.72	5.54	5.37	4.88	4.63	5.4	5.56	5.47	4.54	4.33	5.46	5.93	5.84	5.23	4.89	3.95	4.67	5.85	5.58	NA	NA
NA	NA	4.12	3.75	4.74	5	5.14	5.75	5.79	5.94	5.56	4.84	5.19	5.4	4.85	4.62	4.75	4.76	4.81	4.84	5.08	5.5	5.4	4.36	4.02	4.8	4.43	4.39	4.89	5.55	5.55	4.89	3.84	4.12	5.41	5.3	5.24	5.56	5.31	4.52	3.74	4.51	4.81	4.98	5.76	5.74	5.41	5.33	4.98	3.75	4.36	4.69	4.97	5.42	5.42	4.38	3.34	4.31	4.5	5.33	5.76	5.55	4.96	4.73	5.1	5.74	5.66	5.02	4.73	4.85	5.47	5.34	5.22	5.53	5.34	4.94	4.84	5.08	5.5	5.15	4.52	4.8	4.5	4.52	4.65	4.99	5.02	4.99	5.34	5.34	5.19	5.02	5.16	5.34	5.19	4.7	4.85	5.64	5.38	NA	NA
NA	NA	4.75	5.91	5.99	5.27	5.14	6.02	5.28	4.36	4.36	5.44	5.99	5.74	5.5	5.73	5.1	4.14	3.35	4.52	5.21	5.57	4.99	4.65	4.02	4.52	5.6	5.91	4.89	3.74	4.31	4.5	4.8	4.02	3.68	3.38	4.35	4.74	4.8	4.52	4.5	4.8	4.02	3.68	3.38	4.89	5.91	5.43	4.96	4.73	5.1	4.83	4.65	4.02	4.52	5.41	5.08	5.1	5.4	5.23	5.08	4.66	3.9	4.02	3.68	4.35	4.74	4.8	4.02	4.7	5.66	6.02	5.14	4.3	4.65	4.05	4.35	4.98	5.75	5.75	4.88	3.75	2.85	4.27	4.74	4.67	5.17	5.42	5.75	5.1	4.25	4.24	5.73	5.57	4.9	4.27	5.27	5.82	6.01	NA	NA
NA	NA	4.86	5.79	5.76	4.8	5.11	5.57	6	5.33	4.5	4.52	4.8	4.43	4.36	4.46	5.34	5.47	4.92	4.76	4.63	4.31	3.74	4.89	5.67	5.48	4.49	3.85	4.95	5.6	6	5.22	3.75	2.85	4.75	5.91	5.37	4.69	4.89	5.56	5.48	4.49	3.85	5.1	5.82	6	5.33	4.74	4.36	4.03	4.17	4.53	5.56	5.31	4.94	4.14	4.88	5.88	5.74	5.27	5.14	5.32	4.8	5.02	5.15	5.78	5.79	5.75	5.14	4.5	4.52	4.68	4.86	4.69	5.54	6.2	5.27	4.27	3.84	4.12	5.6	6	5.15	4.31	4.14	5.3	5.66	4.82	4.94	5.47	5.93	5.4	4.35	4.05	4.06	4.33	5.19	5.56	4.98	NA	NA
NA	NA	4.27	4.12	4.19	4.51	4.92	5.52	5.79	5.55	5.5	5.34	5.23	5.06	5.41	5.41	5.09	5.08	5.1	5.74	5.88	5.59	5.08	4.36	4.46	5.35	5.93	5.74	5.27	5.08	5.7	5.24	4.97	5.58	4.82	4.03	4.29	4.85	5.52	5.41	5.02	4.73	4.85	5.29	5.32	5.94	5.94	5.78	5.15	4.69	4.27	5.15	5.8	5.58	5.02	4.92	4.93	5.04	5.1	5.23	5.38	4.84	4.94	5.31	5.32	4.98	5.31	5.46	5.06	5.29	5.3	4.95	4.9	5.02	5.02	5.14	5.53	4.86	5.08	4.89	5.67	5.74	5.27	5.16	5.4	4.98	5.22	6.01	4.89	3.74	3.35	4.36	4.74	4.67	5.29	5.56	5.74	5.27	5.08	NA	NA
NA	NA	5.73	5.33	5.37	5.91	4.89	3.68	4.02	4.8	4.85	4.46	4.33	5.19	5.4	4.54	4.42	5.56	5.94	5.55	4.89	3.84	4.12	5.21	4.97	5.17	5.85	5.85	4.67	3.34	4.31	5.15	5.93	5.74	4.8	4.63	5.04	5.14	5.56	5.39	4.93	4.73	4.63	4.36	3.35	4.03	5.37	5.65	5.38	5.35	5.22	4.98	5.2	5.26	5.43	5.45	5.27	4.99	5.02	4.99	4.65	4.02	3.68	4.89	5.91	5.37	4.03	4.52	5.19	5.57	4.99	5.22	5.33	4.95	4.85	5.35	5.5	4.46	3.84	4.12	5.42	5.56	4.53	4.17	4.94	5.19	4.97	5.17	5.86	5.37	4.69	4.86	4.68	4.52	4.5	4.8	4.92	5.31	5.56	NA	NA
NA	NA	4.81	4.93	5.44	5.42	4.12	2.85	4.36	5.58	5.58	5.11	5.3	5.82	5.74	5.1	4.78	4.86	4.68	4.92	5.19	5.2	5.94	5.43	5.27	5.74	5.67	4.89	3.74	4.48	5.62	5.43	5.13	5.19	5.56	4.98	4.66	5.53	5.19	4.93	4.9	5.02	5.49	5.1	4.78	4.86	5.41	6	5.82	4.89	3.63	2.85	2.85	3.63	4.35	4.74	5.14	5.75	5.79	5.55	5.76	5.53	5.37	5.36	5.23	4.89	4.9	5.58	5.58	4.9	4.46	5.45	5.43	5.02	4.27	3.84	3.63	4.76	5.21	5.89	6.2	5.54	4.03	4.31	4.5	4.8	4.52	5.15	6	5.65	4.98	4.64	5.2	5.42	5.53	4.92	4.52	4.68	5.04	NA	NA
NA	NA	5.41	5.2	4.98	5.22	6.01	5.39	5.09	5.27	5.88	5.94	5.32	5.31	4.95	4.61	4.82	4.89	5.41	5.8	5.15	4.82	4.84	4.94	5.31	5.32	4.98	5.31	5.46	4.53	4.67	5.4	5.9	5.4	4.94	4.61	5.43	5.74	4.85	4.85	5.64	5.58	5.02	4.93	4.37	4.42	5.4	5.94	5.35	4.74	4.62	5.08	5.17	5.41	5.67	5.27	5.08	5.45	4.65	3.75	4.42	5.56	5.41	4.96	4.77	4.77	4.95	5.19	5.39	5.08	5.02	5.1	5.08	5.17	5.66	5.94	5.73	5.31	4.77	4.29	4.99	5.76	5.77	4.84	4.21	5.15	5.86	5.43	4.96	4.73	5.1	5.74	5.43	5.1	5.4	5.9	5.4	4.65	3.75	NA	NA
NA	NA	4.5	5.14	5.33	5.26	5.02	4.9	4.93	5.41	5.56	4.77	4.58	4.62	4.42	4.63	4.63	4.76	4.92	5.52	5.16	5.27	5.67	5.79	5.79	5.52	4.54	4.42	5.56	5.58	4.94	4.84	5.53	5.19	4.89	4.76	4.9	4.51	4.53	4.86	5.14	5.33	5.32	5.84	5.8	4.89	4.78	5.31	5.46	5.24	5.33	4.89	3.84	4.12	5.21	4.97	4.65	4.05	4.76	5.21	5.2	5.8	5.41	4.96	4.61	5	5.88	5.74	5.89	5.19	4.92	4.8	4.85	4.25	4.24	5.62	5.55	4.96	5.02	5.25	5.32	5.65	5.46	4.96	4.73	5.1	5.74	5.88	5.59	5.3	4.95	4.61	4.17	4.82	4.92	5.21	5.29	5.74	5.43	NA	NA
NA	NA	4.97	5.31	5.32	5.13	5.37	5.86	5.15	4.8	5.13	5.17	4.74	4.72	5.65	5.37	4.03	3.35	4.36	4.63	4.76	4.92	5.47	5.56	4.89	4.78	5.3	5.66	5.24	5.23	5.88	6.02	5.28	4.81	4.46	5.34	5.48	5.13	5.54	5.84	5.13	5.19	5.4	4.54	4.33	5.84	5.84	5.13	5.19	5.32	4.98	5.22	5.94	5.4	4.27	3.79	5.3	5.37	5.13	5.4	5.16	5.36	5.88	5.2	4.69	4.86	4.93	5	5.41	5.76	5.74	5.41	5.33	4.98	4.36	4.36	3.9	4.02	4.36	5.4	5.93	5.48	4.49	3.85	4.95	5.41	5.78	5.78	5.41	4.76	4.05	4.06	4.03	4.29	4.42	4.05	4.36	4.74	4.67	NA	NA
NA	NA	4.65	5.05	5.1	4.14	4.31	5.15	6	5.6	4.76	3.38	4.05	3.85	4.49	5.4	5.79	5.94	5.56	4.42	4.37	4.93	5.02	5.34	5.53	5.22	5.34	5.48	4.98	5.31	5.46	5.06	5.4	5.28	4.96	4.36	4.74	4.92	5.02	5.58	5.8	5.15	4.82	4.84	4.51	4.92	5.52	5.41	5.24	5.43	5.32	4.98	5.31	5.46	5.24	5.33	4.89	3.84	4.75	5.82	5.96	4.99	4.62	4.75	4.58	4.77	5.4	5.8	4.89	4.53	4.89	6.01	5.84	5.32	5.29	4.54	3.64	4.46	5.35	5.93	5.48	4.49	4.38	5.7	5.08	4.61	4.94	5.19	5.89	5.82	6.01	6.07	5.66	4.7	4.02	4.8	4.74	4.35	3.38	NA	NA
NA	NA	5.22	4.98	5.32	5.39	4.66	4.45	4.8	5.08	5.06	5.1	5.71	6.01	4.89	5	5.32	5.31	4.97	4.84	4.25	3.95	4.89	5.8	5.22	4.98	5.4	5.41	4.82	4.85	4.97	4.68	4.02	4.36	4.74	5.14	5.47	5.56	5.3	4.37	4.18	4.73	5.04	5.29	5.56	5.47	4.92	4.81	5.02	5.49	5.31	4.42	3.75	4.05	4.52	5.21	5.57	5.43	5.67	5.47	5.14	5	4.74	4.66	5.53	5.23	5.24	5.66	5.56	4.42	4.54	5.47	5.93	5.15	4.31	4.14	5.3	5.43	5.36	5.67	5.84	5.33	4.5	4.52	4.65	4.99	5.26	5.31	5.27	5.23	5.76	5.93	5.46	4.71	4.58	4.62	4.42	4.05	3.68	NA	NA
NA	NA	4.31	4.65	5.45	5.78	5.78	5.41	4.76	3.68	3.35	4.03	5.37	5.3	5.11	5.44	5.99	5.27	4.82	5.22	5.35	5.71	5.1	4.92	4.94	4.75	4.76	4.85	4.93	4.85	4.82	5.41	5.75	5.14	4.97	4.78	4.29	4.03	4.06	4.74	4.63	4.73	4.68	4.85	5.52	5.41	5.24	5.46	5.8	5.32	5.2	5	4.57	5.22	5.47	5.56	5.29	4.93	5.04	4.63	4.63	5.05	4.85	4.68	4.85	5.4	5.43	4.53	4.67	5.05	4.85	4.93	5.41	5.8	5.73	5.47	5.1	4.73	4.36	4.46	5.35	5.93	5.47	4.98	4.72	5.89	5.28	4.81	4.19	4.81	4.68	4.85	5.52	5.16	5.27	5.67	5.79	5.55	4.89	NA	NA
NA	NA	4.85	5.52	5.41	5.02	4.95	5.3	5.51	5.51	5.37	4.96	4.93	5.46	5.64	5.1	5.06	5.08	4.8	4.84	4.97	5.34	5.27	5.45	4.94	4.84	4.97	5.34	5.27	5.45	4.94	4.45	4.29	4.78	4.93	5.02	5.58	5.8	5.73	5.31	4.84	5.08	5.42	4.52	4.03	4.61	5.23	5.38	4.84	4.47	5.39	5.19	4.95	4.81	4.84	5.53	5.23	4.93	4.77	4.73	4.99	5.76	5.2	5.13	5.4	5.79	5.55	5.38	5.22	5.34	5.47	4.98	4.36	4.63	4.94	5.42	5.31	4.65	4.42	4.68	4.73	4.84	4.74	4.8	5.13	5.2	4.63	4.8	5.53	5.31	5.02	5.05	4.67	4.61	4.82	4.62	4.85	5.47	5.93	NA	NA
NA	NA	5.66	4.7	4.02	4.8	4.74	4.35	3.38	4.05	3.85	4.49	5.2	5.26	4.99	5.22	5.33	5.26	4.99	5.22	5.33	4.95	5.24	5.65	6	5.35	4.25	3.95	4.73	4.63	4.31	4.63	4.63	4.97	5.42	5.42	4.38	3.95	4.73	5.02	5.34	5.34	5.5	5.6	5.27	5.25	5.74	5.94	5.94	5.3	4.98	5.2	5.32	5.84	5.94	5.4	4.27	3.84	4.46	5.5	5.4	4.74	4.06	3.64	4.54	5.47	5.56	5.29	4.74	4.66	5.38	5.23	5.36	5.37	4.65	4.51	5.22	6	5.65	5.24	4.3	4.27	4.9	5.58	5.58	5.11	4.8	5.32	5.88	4.97	5.13	5.43	5.62	4.81	4.42	4.73	5.02	5.41	5.52	NA	NA
NA	NA	4.85	4.73	4.77	4.77	4.82	4.75	4.62	4.78	4.97	4.93	5	4.93	4.92	5.01	5.27	5.29	4.96	4.82	4.75	4.89	5.39	5.4	4.94	4.72	4.77	4.95	5.3	5.15	5.02	5.05	4.63	4.8	4.93	4.63	4.8	5.3	5.23	5.08	4.94	4.8	5.29	5.64	5.58	5.02	4.73	4.69	5.37	5.93	5.76	5.33	5.24	5.56	5.42	4.12	3.79	5.3	5.53	5.33	5.08	4.83	4.67	5.05	4.85	4.68	4.85	5.52	5.67	5.59	5.3	4.94	4.82	4.61	4.17	4.82	4.63	4.76	4.8	4.93	5.01	5.27	5.51	5.42	5.46	5.17	4.93	5.04	4.67	4.83	5.37	5.59	5.81	5.41	4.52	3.35	4.14	5.31	5.41	NA	NA
NA	NA	3.85	3.95	4.73	4.85	4.93	5.44	5.3	4.69	4.89	5.23	5.27	5.74	5.67	5.43	5.26	5.2	4.49	3.85	4.74	5.4	5.94	5.22	5.11	5.73	5.49	4.48	3.34	4.25	5.35	6	5.65	5.24	4.95	5.33	5.14	4.43	4.51	4.8	4.8	4.51	4.43	4.8	4.02	3.68	4.76	5.6	5.91	5.39	4.7	4.84	6.11	5.91	5.1	3.85	3.34	4.31	4.92	5.38	5.36	5.01	4.92	4.93	4.97	4.85	4.77	5.08	4.64	4.98	5.58	5.57	5.43	5.67	5.74	5.27	5.08	5.15	4.24	4.24	5.03	5.2	5.84	6.01	5.43	5.57	5.21	4.52	4.02	3.9	4.72	5.65	5.53	5.32	5.27	5.88	5.94	5.32	5.33	NA	NA
NA	NA	4.03	4.58	4.75	4.89	5.41	5.64	4.85	4.85	5.47	5.73	5.94	5.66	5.17	5.37	5.29	4.77	4.94	5.52	5.16	5.27	5.53	5.39	4.96	5.02	5.33	5.38	4.66	4.98	5.75	5.41	4.82	4.85	5.3	5.8	5.4	4.42	4.37	4.93	5.02	5.58	5.56	4.92	4.73	5.1	5.74	5.94	5.78	5.7	4.38	3.95	4.89	5.23	5.08	5.22	5.35	5.71	5.25	5.27	5.67	5.67	4.8	4.63	5.4	5.23	5.27	5.5	5.33	5.02	4.73	4.42	4.63	4.92	5.38	5.43	4.83	4.95	5.67	5.41	4.82	4.85	4.93	4.63	4.92	5.4	5.31	5.19	4.51	5.08	4.86	5.53	5.14	5.02	5.02	5.08	5.39	5.19	4.95	NA	NA
NA	NA	5.15	4.82	5.22	5.34	5.74	4.95	4.61	4.82	4.89	5.19	5.53	5.22	4.79	4.46	4.9	5.58	5.85	5.17	5.05	5.31	4.42	4.37	4.93	5.02	5.34	5.53	4.84	4.94	5.42	5.42	5.24	4.95	5.31	4.8	4.63	5.04	4.93	4.92	5.02	5.42	5.31	4.92	4.68	5.04	4.67	4.83	5.08	5.33	5.93	5.54	4.03	4.52	5.31	5.08	4.84	4.82	5.64	5.75	5.1	4.85	4.95	5.29	4.94	4.33	4.95	5.74	5.56	5.4	4.63	4.63	5.05	5.02	5.58	5.8	5.2	5.21	4.52	4.03	4.17	4.33	4.94	5.4	5.39	4.89	4.76	4.73	4.63	4.36	4.03	4.61	5.08	5.45	4.92	4.68	4.97	4.85	4.77	NA	NA
NA	NA	5.65	5.46	4.71	4.58	4.75	4.75	4.75	4.75	4.62	4.42	4.63	4.5	4.8	4.93	5.49	6	5.41	5.04	4.63	4.14	5.01	5.58	5.73	4.7	4.05	4.31	4.51	4.63	4.77	5.35	5.71	5.25	5.08	5.06	5.23	5.53	4.84	4.51	4.31	4.65	5.45	5.78	5.55	4.89	4.9	5.44	5.99	5.89	5.21	4.52	4.02	4.65	4.57	3.74	3.35	3.68	3.38	3.38	3.38	4.76	5.42	5.42	5.02	4.92	4.74	4.66	5.08	4.79	4.46	4.12	3.63	4.89	5.66	5.53	4.51	4.69	4.76	4.98	5.96	5.57	4.9	4.46	5.45	5.43	5.02	4.27	4.39	4.43	5.33	6	5.57	5.11	4.65	5.6	4.97	4.33	4.95	NA	NA
NA	NA	5.78	5.78	5.7	4.82	3.64	4.54	5.52	5.16	5.1	5.04	5.14	5.33	5.32	5.94	5.43	5.27	5.67	5.79	5.55	4.89	3.84	4.27	5.4	5.93	5.47	5.14	5	4.67	4.85	4.74	4.64	5.08	4.77	4.85	4.93	4.85	4.76	4.94	5.22	5.65	4.93	4.78	5.22	5.8	5.4	4.63	4.14	4.82	4.92	5.75	5.42	5.17	5.04	4.73	4.18	4.54	5.52	5.16	5.27	5.31	5.26	5.43	5.67	5.47	5.14	4.86	3.95	4.25	5.35	6	5.65	4.98	4.21	4.7	5.02	4.81	4.92	5.47	5.93	5.15	4.82	4.61	5.16	5.52	4.54	4.18	4.94	5.91	5.65	4.82	4.33	5.38	5.56	4.77	4.66	5.41	5.8	NA	NA
NA	NA	4.42	4.63	4.92	5.21	5.29	5.64	5.58	5.02	4.93	4.8	4.63	4.93	4.85	4.77	5.29	5.27	5.01	5.05	5.02	5.15	5.37	4.83	4.95	5.67	5.67	5.71	5.54	5.2	5.25	5.74	5.94	5.79	5.67	5.27	5.43	5.94	5.2	5.19	4.92	4.8	4.5	4.63	4.31	4.81	4.8	4.84	4.97	5.53	4.84	4.47	5.39	5.39	4.47	4.19	4.81	5.44	5.99	5.89	5.19	4.52	4.03	5.54	5.84	5.13	5.19	5.53	4.95	4.83	5.37	5.51	5.51	5.37	5.09	5.29	5.27	5.01	4.93	4.8	4.76	4.63	4.31	3.74	4.59	5.54	5.02	4.92	5.4	5.94	5.15	4.52	4.8	4.85	4.74	4.62	4.92	4.95	5.02	NA	NA
NA	NA	5.37	5.53	5.88	5.19	4.93	4.73	4.63	4.31	4.14	5.3	5.43	5.27	5.67	5.79	5.79	5.67	4.8	4.14	4.03	4.7	5.73	5.58	4.81	4.31	4.76	4.69	4.36	3.75	4.74	5.29	5.23	5.27	5.34	5.23	5.24	5.3	5.41	4.12	3.79	4.65	5.6	4.97	4.72	4.72	4.94	5.52	5.79	5.78	5.41	4.52	3.35	4.03	5.54	6.2	5.89	5.19	4.65	4.31	4.51	4.84	5.38	5.33	5.24	5.56	5.3	5.02	4.8	4.8	5.11	5.28	6.02	5.14	5.02	4.99	5.04	4.92	4.63	4.92	5.4	5.43	4.53	4.67	5.4	5.9	5.4	4.94	4.14	4.14	4.94	5.45	5.3	5.24	5.23	5.53	4.66	4.74	5	NA	NA
NA	NA	5.29	5.37	4.96	4.77	4.73	4.78	4.93	4.63	4.92	5.4	5.39	4.96	4.77	4.72	4.94	5.4	5.43	5.24	5.41	5.67	4.95	4.61	4.95	4.92	5.1	4.83	5.22	5.47	5.56	5.3	4.8	4.63	5.05	4.67	4.61	4.95	4.92	5.1	5.47	5.49	5.02	4.9	4.76	4.89	5.39	5.4	4.54	4.18	4.8	4.9	4.76	4.62	4.85	5.29	5.41	6.2	5.93	4.84	4.85	5.74	5.43	5.27	5.53	5.19	4.84	5.56	5.58	5.02	4.73	4.69	5.54	5.93	5.32	5.2	5.51	5.37	4.96	4.93	5.56	5.31	4.65	4.42	4.29	4.71	5.43	5.86	4.87	3.64	4.54	5.52	5.67	5.59	5.3	4.95	4.85	4.73	3.95	NA	NA
NA	NA	5.56	5.47	4.85	4.29	4.77	5.56	5.38	4.84	5.31	5.74	5.74	5.76	5.41	4.97	4.85	4.33	4.95	5.31	4.95	5.24	5.65	6	5.15	4.52	3.9	4.66	5.38	5.23	5.1	5.04	4.93	4.92	5.01	5.39	5.39	5.01	5.05	4.67	4.53	5.23	5.53	4.84	4.94	5.58	5.31	4.14	4.31	5.15	6	5.6	4.52	4.05	4.51	4.82	5.3	5.41	4.76	3.38	3.68	4.05	3.75	4.18	4.73	5.22	5.33	5.41	5.74	5.76	4.99	4.68	4.85	4.93	4.37	4.18	4.94	5.67	5.47	4.92	4.81	5.02	5.26	5.29	4.54	4.42	5.56	5.43	5.27	5.74	5.56	4.89	4.78	5.3	5.94	5.78	5.45	4.65	4.31	NA	NA
NA	NA	5.1	5.08	5.09	5.29	5.37	5.09	5.41	5.41	5.06	5.43	5.4	4.94	4.33	4.67	5.4	5.8	5.4	4.42	4.37	4.97	5.41	5.69	5.79	5.79	4.86	5.11	5.31	5.41	4.89	4.58	4.45	4.82	5.34	5.61	5.53	5.3	4.51	4.88	5.21	5.16	5.02	5.19	5.58	5.8	5.2	5.21	4.52	3.35	4.14	5.31	5.38	4.33	4.46	4.85	5.14	5.56	5.31	4.94	4.63	4.77	5.34	5.74	4.8	4.8	5.53	5.31	4.94	4.84	5.53	4.97	4.84	4.94	5.67	5.74	5.13	5.18	5.71	5.88	5.3	4.78	4.86	4.68	4.92	5.45	5.3	5.02	4.96	5.41	5.8	5.73	5.31	4.92	5.08	5.29	5.09	5.36	5.36	NA	NA
NA	NA	4.52	4.63	4.76	4.31	4.05	3.68	4.35	4.63	4.97	5.34	5.34	5.5	5.55	5.79	5.4	4.98	5.1	5.73	5.5	5.49	5.02	5.19	5.58	5.56	4.92	4.73	5.1	5.71	5.35	4.77	4.36	4.98	5.56	5.43	4.53	4.95	5.67	5.16	5.1	5.2	5.46	5.68	5.81	5.7	4.98	4.21	4.21	4.74	4.85	4.67	4.92	4.63	4.92	5.4	5.43	5.24	5.66	5.94	5.2	5.19	4.65	4.31	4.76	4.63	4.35	3.38	3.63	2.85	4.24	5.03	5.2	5.84	5.94	5.15	4.52	3.9	4.36	4.36	4.98	5.33	5.32	5.84	6.01	4.89	3.74	3.35	4.52	5.42	5.56	4.93	4.72	4.94	5.4	5.43	4.93	4.93	5.43	NA	NA
NA	NA	4.82	5.15	5.93	5.47	4.98	4.36	4.36	4.74	5.76	5.74	5.41	5.33	5.14	5.04	4.63	4.88	5.37	5.53	5.84	5.23	5.4	4.67	4.53	5.56	5.42	4.76	3.38	3.68	3.35	3.34	3.85	4.95	5.6	6	5.15	4.31	3.74	4.89	5.91	5.46	4.24	3.75	5.22	5.93	5.47	5.14	4.85	4.74	4.21	4.84	6.11	5.62	4.48	3.74	4.89	5.45	5.08	4.66	4.98	5.47	5.34	4.77	4.63	4.51	4.31	4.63	5.15	5.5	5.84	5.32	5.32	5.84	5.5	5.15	4.82	4.61	5.16	5.67	5.27	5.23	5.76	5.32	4.8	3.79	3.63	4.89	5.91	5.37	5.13	5.4	5.16	5.27	5.53	5.31	5.02	4.92	4.74	NA	NA
NA	NA	5.11	5.58	5.85	4.67	4.24	5.73	5.49	4.48	3.34	4.67	5.62	6.02	5.14	5.27	5.82	5.3	3.79	4.27	4.63	4.76	4.31	4.05	3.68	4.76	5.42	5.56	5.24	5.3	5.7	5.24	4.95	5.2	4.49	4.38	5.58	5.2	5.84	6.01	4.89	3.74	4.31	4.5	4.67	5.29	5.8	5.4	4.92	5.16	5.19	4.95	4.85	4.92	4.74	3.75	4.12	4.12	5.42	5.08	4.33	4.06	4.95	5.42	5.44	4.96	4.77	4.93	5.56	5.31	4.92	3.9	4.66	5.53	5.34	5.02	4.93	4.78	4.29	4.03	4.87	5.86	5.43	4.71	4.58	4.62	4.85	5.4	5.19	4.84	5.56	5.46	4.93	4.72	4.51	4.65	5.19	5.57	4.99	NA	NA
