NMBroto_Twist.lag1	NMBroto_Twist.lag2	NMBroto_Twist.lag3	NMBroto_Tilt.lag1	NMBroto_Tilt.lag2	NMBroto_Tilt.lag3	NMBroto_Roll.lag1	NMBroto_Roll.lag2	NMBroto_Roll.lag3	NMBroto_Shift.lag1	NMBroto_Shift.lag2	NMBroto_Shift.lag3	NMBroto_Slide.lag1	NMBroto_Slide.lag2	NMBroto_Slide.lag3	NMBroto_Rise.lag1	NMBroto_Rise.lag2	NMBroto_Rise.lag3
-0.3699342273227405	-0.013004629367509304	-0.008740391368770806	0.009404631780051298	0.005179134606701594	0.006098859126995003	0.0007133695294558318	0.0007203633483721106	-0.017788080410686902	-0.0228338534111209	-0.00019395323988150026	0.010663329001048397	0.006871023539923304	-0.01210883798719821	-0.004438438507513598	0.00048360323224316826	0.017635685512383703	-0.027963901815770402
-0.4156216093304097	-0.0014406899121243016	0.0026916415105103994	-0.0019220167212357642	-0.0006427055375101964	-0.0041274155058681	0.028161339411137798	-0.00853799780688029	-0.002841627338212702	-0.0013891086604627123	-0.002958275183728702	-0.010524629781141992	-0.016355644375683098	0.012675494644276596	0.001557971455841002	0.009348305421650216	-0.00043135366193250424	-0.0007051760573644067
-0.4263795544496516	-0.0749899569746009	0.054033201378202694	-0.013455989029372117	0.0237323236372002	0.0570063189868428	0.01323906705373129	-0.0288311285558253	0.0248297316608823	-0.005563643002930302	0.027951637014083902	0.03610963214112631	-0.0013762909328512984	0.00023980913910580035	-0.0022618670089848067	0.0026838047379927343	-0.0146498101689526	0.026899461006603904
-0.2548505690424078	0.004254482421496508	-0.0042414652503091	-0.0014977088584720993	-0.0012970354493306007	0.0015281269109417989	0.0007037940995303082	0.003534131595033685	0.0036081831665620845	-0.011227006845878906	-0.010966723448634001	0.005585838584018399	0.006224777976307216	-0.0072790367227485026	0.0008858648533679042	0.003772546517704811	0.006410364187314999	-0.008054114196456408
-0.3558523501960607	-0.0021689444393343943	0.0032856287051303	-0.005128851746442398	-0.004313189313970102	0.007838787570992198	-0.0007133695294558873	0.003572808821791895	-0.006469340589573599	-0.017133318867146502	-0.0198468513976105	-0.006067908677664907	0.008266176710631623	0.00023064569089219916	0.0007546377415545008	-0.015559338078655172	0.026492113159615596	-0.021986523184925597
-0.3452447149377932	0.0386456311785424	0.0011765910442252947	-0.009177606864884197	0.0034506325028187956	0.004791263096457901	0.03654941602594819	-0.0270257121973166	-0.0028416273382127002	-0.008365000095036101	-0.004724099148426308	0.016663416907633205	-0.015030516178870912	0.027364117814893896	-0.005199577934369301	0.0177324603725057	-0.0144602593418829	0.0011275738746168024
-0.3167041048896507	-0.00378021671676948	0.004912098892912803	0.011294690191395507	0.008828607705708598	0.0202286201185223	-0.009862692823349894	-1.933861337910514e-05	-0.0027928021262159097	0.0259937332553605	-0.017279782311993508	0.0407484091731385	0.022496477561769146	0.020483774750020195	-0.019502876353890114	-0.004364031506916777	0.0027481522449124274	-0.00028469040290418635
-0.1900183028178066	-0.030350160036519705	0.0197061666087794	-0.00789242348583459	0.029523758957108896	-0.010433537222151595	-0.0049265586967121855	0.004965188985088409	-0.005024114314468701	-0.0007220556259225908	-0.0014727148403004056	-0.0059771711663782895	0.0031548998975012843	-0.009672529396144	0.00028597778309530017	-0.013766920083691792	0.0333520015268884	-0.024171924532201
-0.3590660186319238	-0.015471051869019198	-0.022409966551130096	0.009177606864884197	-0.0038828521532777993	-0.0010832919385892065	-0.032336226858691974	0.011400112586989794	0.007216366333124301	0.008365000095036199	0.0036611723298548005	-0.0026084922109557984	0.009174298123125396	-0.007607242417995402	-0.008507289539167	-0.017266758011785732	0.010768066567781703	0.004555088704208503
-0.3784677505483473	0.002196054937350901	0.003083328402804203	0.0010637433358288984	-0.006037194358965499	-0.00023076264718580042	0.008331529819168626	-1.9469279685699337e-05	0.0027156055072479895	0.008617336749387298	-0.008539987497433602	0.0017427812579843965	-0.016006703978624304	-0.013334817161613596	-0.005336139728477497	0.0017399895743739902	0.0013903636852458934	-0.0018280593227008
-0.3532106688586176	-0.0026012271157851014	0.0024079399260284002	0.004274291252260101	-0.009496834052404701	-0.004355894158662901	-0.004926558696712102	-0.0007203633483721106	0.009350028097383695	0.029045762139686113	0.001941182207989195	0.004903514362331801	-0.004499696809020903	-0.004113011769884697	0.005911206862638796	-0.00840783631214137	0.013502222178774698	-0.0038272413686553097
-0.388875822466745	0.008636617567991597	-0.007909845562300705	-0.008736948299133906	0.0019348622008618019	0.0058779585827583025	-0.012392547289228895	0.0084897819397392	-0.008612635436199799	-0.036535018861461405	-0.0061860052547697	0.007925109926819596	0.02867628701026942	-0.0298413220517915	0.029211690538111595	0.001678735029630507	-0.00025739998073259773	-0.004437654441232298
-0.3535282048976473	-0.0021689444393343943	-0.009849280493388402	-0.005128851746442398	-0.0088297319704305	0.008920191583581705	-0.0007133695294558318	0.0007106940416825996	-0.0007274956587519921	0.0085597035204842	-0.006668771840168099	0.007488672636981102	0.003989679813321906	-0.0023373995598014	-0.0076633615460962035	-0.0033039228342012783	-0.01399632009350879	0.017630320539982203
-0.339812409690937	0.008560552583998002	-0.0353167268958777	0.017920502521858284	0.01809619372305299	-0.018284462969116094	0.024347600949020498	-0.004965188985088499	-0.0248199666184829	0.004015295328551098	0.004054660969027096	0.012266008943372403	0.0186011581289367	-0.012175044880939	-0.018170663213794104	0.017946928973862297	0.005470926437591402	-0.035708868941565095
-0.5165105677773393	0.0105796407546968	-0.010301063683287287	-0.008736948299134017	0.0027962999764294116	0.00022165835509249665	-0.012392547289229172	0.009844530206730304	-0.018534974194205286	-0.03653501886146149	0.0075251901357275	-0.003734686678314905	0.028676287010269308	-0.01417403738317409	0.02554681528697042	0.0016787350296306736	-8.867673074340002e-05	-0.0023916930756971155
-0.3808331042023351	-0.016174449985436296	0.027878408771011387	-0.004056188668445704	-0.006464911721399	0.0069798208479985024	0.023948150243881694	0.017066326307071306	-0.028816640120500586	-0.0008049207078137041	-0.010357002609239503	-0.0089255118485585	-0.006630584700098696	-0.02079326661864439	0.04170270589642602	0.013730393189599899	0.004610918016231091	-0.017154815306394594
-0.3455858270012831	0.013349185688767501	-0.007691195813509799	-0.003634110093927806	-0.011400172393379801	0.0128339017876593	-0.0011414171266698192	0.0012098393329544	-0.0027253705496474018	-0.049597229385894705	-0.0350253468030514	-0.0103466190704888	0.06201440892260923	-0.07033041929299391	0.034538325264727505	0.006574903092335882	-0.0045625051449463	0.0033730023433594996
-0.2175538628711273	-0.009632606404332701	0.002294999080130408	-0.009807752342333387	-0.025635643676191394	0.013925149420006395	0.01127985645233609	0.017075995613760796	0.0014647563599034003	-0.012997389648132102	-0.0170877455699326	0.0214795260465159	-0.019259427058499895	0.0094573125468017	-0.0110738591849147	0.005082863379019281	0.009939043220912588	-0.00046064107309749976
-0.3995478802136867	0.018208589810495703	-0.07089202381311649	0.0	-0.006894503729891803	-0.0383073440414296	0.0	0.008508989886811702	-0.0341406995886685	0.0	-0.0376657657247669	0.023631867131663306	0.0	-0.0134387131479215	0.024374943607445895	0.0	0.0218389332592035	-0.0616510653352865
-0.4420311686928644	-0.003390305388725895	-0.001274502864145103	0.010442358985458894	0.009043219382832101	-0.009138058243939304	0.0007037940995303082	0.0035341315950337	-0.003578888039364101	0.0481840591954353	-0.014538853145774203	-0.023150214234116902	0.006559601792223396	0.0112261116481705	-0.015127568220546811	-0.016249288220545388	0.005758443241234305	0.002872628429037202
-0.5302644761650368	-0.01300462936750929	0.019684881430535997	0.009623847713396028	-0.011447082992541019	0.0328609521399077	-0.0244231692068117	0.0275150575155923	0.033413203929916604	0.013175933812985194	-0.012988257376983392	0.0099962324370147	-0.006521362103369122	-0.0035643342949363	-0.004402459435188993	-0.02739352344007956	0.0278456755308641	0.0380939486807543
-0.2780943662279998	0.0026298438252178036	0.002645244575453412	0.001491766679001999	-0.0034498795069120985	0.0015182753698164998	0.016796209873383705	-0.009728498526455603	0.005606058057457508	-0.008516595760566681	-0.015757983687809195	0.001498515581867102	-0.013224242339796022	0.01014527835618681	-0.010165694541067999	0.0018834658883762068	0.00092716715810362	-0.0016597678681117972
-0.5283132090933947	-0.011550195276211983	0.010890689529040001	-0.0010737816058969396	0.009911041936192199	-0.026979582088070397	-0.0021305331584420273	0.017806028268822403	-0.0050241143144688916	0.0209240416418688	-0.011753018317795697	0.0005966353113074016	-0.004571337325627978	0.014926089813403792	-0.0027955834246303976	0.0012234852032665389	-0.0067978868357031	-0.0008858807234501005
-0.3107641340401108	0.0363322669524028	-0.042753303386122085	0.0125958540199832	0.0562324557897793	-0.06243868478639279	-0.008426378334512596	0.025411983310613395	-0.0298440809329518	0.014509791317890102	0.01073745226528558	-0.0317183817800641	0.0027279526063881954	-0.003872779099078398	0.0120534776802564	-0.012661157973012038	0.04768540199019111	-0.0464597137190421
-0.4094481531669316	-0.00993046363431252	0.005272215851793299	0.001063743335828926	-0.00020447760721209463	0.0023852109888477004	0.012544718986425007	-0.009805852979972	0.007012224162964801	-0.008708052316476797	-0.0027469976402188997	0.0196507178965016	-0.015461644722353618	0.016374143390560703	-0.029155167460374207	0.0011268743654047064	0.0002160691133070991	-0.0006803390699357016
-0.3162645991617301	-0.028642114983068602	0.0387004588818984	-0.0049263567695327914	-0.06331454962493349	0.0820030902909491	0.023082609017230193	-0.0387711758326917	0.023384505385777604	-0.029399269591744007	-0.030792969226429392	0.0856165294962993	0.006003376132565602	-0.011295989149983102	-0.011384142049853802	0.041032464723541384	-0.0546757059292672	0.019038485816600503
-0.1373805376292127	-0.004823265507540704	-0.0053091044389265	-0.004056188668445704	0.002367824388951001	0.0010954169122819948	0.04000226429803255	-0.0745176879998439	0.049465745994166505	-0.005130488857207502	0.0035553675313446	0.019674524479022897	-0.016789695912308604	-0.0346823338343411	0.022620127523467204	0.044643986271942604	-0.042517359363139	0.0143053229907002
-0.3722293403884903	-0.005524030368929803	0.00427055675446919	0.01515693078246591	0.0127092087149736	0.0161065145695568	0.0076087142574889355	0.0303868416023914	-0.033568388928047005	0.01803580619212719	0.017441155088924104	0.010321040724783001	0.0069711146957194825	0.011974607196433201	-0.0080782205537401	-0.0018260235662720947	0.028805491040583803	-0.015114896797860402
-0.3586363610102202	0.0003518886421107065	-0.0027081718545816993	-0.0010696855152990958	-0.002378337571384899	0.001310637835784098	0.009168474153745165	-0.0007203633483721036	-0.0035788880393640976	0.0110713435311906	0.018052107402361503	0.018816172548399096	-0.0035547441295236126	0.006495824647002706	-0.0038527376525196028	0.014789144793930231	-0.01247316622069	0.0013566319611453964
-0.4339253991131283	-0.00976024997700492	-0.004365627029501884	-0.005128851746442398	0.012721220045513598	0.005893500306442007	-0.0007133695294559428	0.0007106940416824999	-0.0007274956587519921	0.022298964019876896	-0.007798820530569808	-0.022668141499988692	0.0058305700206989775	-0.006055819654763317	0.010770533453282494	-0.007670160872156606	0.0124257262096105	-0.0011149176811078992
-0.4105063973073944	-0.003027674530473104	0.010489492968402	-0.0014977088584721965	-0.0002232423697903982	-0.0006483058669060002	0.004232210629405819	-1.946927968579648e-05	-0.00013578687336399803	-0.017943327372920204	-0.0031247307325056005	0.001895319242197803	-0.0003267228012633072	-0.012606279891143499	-0.0218932404269314	0.010136824309224968	0.005241080368475801	-0.011550118260203704
-0.3949665362815889	-0.0004669242315482047	0.008493970536306406	-0.0002062052789491009	0.005823333063179725	-1.0986937181101109e-05	-0.0069143661901824305	-0.007058463217071292	0.011348166908343907	-0.008442036864862001	0.014936519907071205	0.020068642769519498	0.01451742214388918	0.01675243563099349	-0.024313382878721798	-0.00108409045372021	-0.001972270079142191	0.0016150380489825117
-0.2984579458205397	0.0226905193081652	-0.01318719917020722	-0.005756395093012595	0.00022474313246560046	-0.001742590023588099	-0.011308582742112772	-0.0099110393567978	0.005732079888422101	-0.022187920563838198	-0.023983723063737895	-0.008837697350454393	0.0019762786413041744	0.006061338638837288	0.0022744664170082085	-0.007113845708651312	-0.008428787591459	0.001702606653319505
-0.3983944495819587	-0.004523154190337192	0.0026391600778512825	0.0010637433358290094	0.0038843529159531005	0.003918259709668297	0.012544718986424841	-0.004235286996333302	-0.009940945122577122	-0.0087080523164767	0.008508486862040601	0.014748040566851695	-0.01546164472235359	0.010322722452379196	0.005423775845642104	0.0011268743654048174	-0.0022038421905573	-0.0009992159855235216
-0.2989934666997275	-0.018542224791511103	0.035085506744054806	-0.004056188668445704	-0.0034513802695872176	0.007849787710452888	0.023948150243881694	0.012773154136907106	-0.0330351384370225	-0.0008049207078137041	-0.0035060536631384004	-0.003193237433410906	-0.006630584700098696	-0.0148221598399842	0.0333907718684383	0.01373039318960001	0.0038469089293086955	-0.016428964649116203
-0.3956543622796633	0.0014105669912754977	-0.0082133112006256	0.0014873081025106039	-0.0032195098216990002	0.0013007810137469211	0.0007037940995303082	-0.0021127435116685966	-0.000727495658751999	0.02469754099062152	0.0175149154163705	0.011602484951005899	0.012690262755052195	0.0048597060012232005	-0.007951114916344995	-0.005815835696508731	0.0006978232103841964	0.009002082106260334
-0.6827170635149883	-2.7110498016513773e-05	-0.0022010762505006998	-0.0002062052789491009	0.0058203315378293	-0.004792778718169497	-0.006914366190182375	-0.009959255223938895	0.008495718847472501	0.008883352201002115	0.008717006008277899	-0.014926811736219098	0.008116144831873118	0.0182259494764608	-0.003905003281506402	-5.272884030849134e-06	-0.0033505200857044948	0.00033032876347059703
-0.4454177978929564	-0.001245449872249213	0.015582597742454206	-0.022413642043199705	-0.0204632703452355	0.007840696620639298	-0.040658310645636686	-0.0026117581366338002	0.045604859365512895	0.007527504534226799	-0.004304409657056699	-0.0239913343815181	-0.0259797274537934	0.030715816973786298	0.02294183355244929	-0.04284255568541384	-0.0038999559626459006	0.0415604885344045
-0.3108480054379984	-0.016458193020765302	0.011379723101285488	-0.001285188557419381	-0.0021577202289914943	0.003270331427962181	-0.004118340651912189	0.0015268357928040002	-0.005722182885990412	0.015520665569287592	-0.005943770911537596	0.023547178963828	0.004064260151641519	0.018338870348141897	0.005865864043341294	0.0029113882139720215	0.0061627974172580036	-0.009708304042721189
-0.3471445015067835	-0.005608943037518403	-0.0085105008803779	0.0031953079737898904	0.0010730453127716002	-0.0056509929112192	-0.0021305331584420273	0.013512856098658401	-0.007875506695080997	-0.0013584550014041907	-0.00028426918015230125	0.0009755629108939999	0.009727424736909296	-0.0155790188321372	0.003341212775942598	0.0025586436675394952	0.012869946732320899	-0.02027246468372329
-0.3123582111020436	0.0377780534028085	0.0022702794882016007	-0.001922016721235792	0.00020672613665580208	0.0008597298147614008	0.028161339411137798	-0.0113227581334733	-0.0043259137829149	-0.0013891086604627123	0.003709662600771102	0.008064371569316598	-0.01635564437568318	0.011319293851089101	0.0018498911852390994	0.009348305421650105	-0.0010367342311018019	-0.003984028153184799
-0.3675887382027489	0.011079879454026997	-0.0045662253098208	0.004052846030669605	-0.006243167499714708	0.0052175251017036	0.003499819637800383	0.0007106940416825996	-0.0007274956587520892	-0.0011831551168788035	0.0006132060939578049	-0.0005115352283353997	0.0023819248464289067	0.003097411510169899	-0.0009868158939737026	0.003680245148913186	-0.0161769391694913	0.018511637427375598
-0.3524789355334451	-0.0084846771839067	0.006975686360249898	-0.0031953079737898904	0.012081897760445305	-0.001083669523789077	0.0021305331584421383	0.0007203633483720967	-0.0036081831665621955	0.0013584550014041994	0.0008512597004706	1.0688669703301512e-05	0.0003989523178170029	-0.014546655083136822	0.016386196804563685	-0.005542588423264272	0.011439894535049601	-0.011932001468018101
-0.3770158430576457	-0.005621001881174301	-0.010509257022244901	-0.0012851885574192978	-0.0021592262208048954	-0.0008771700262683868	-0.0041183406519123	0.004157932542816899	-0.0043550769500805	0.015520665569287696	-0.007498492510561701	0.0027053081109916777	0.004064260151641408	-0.0027439311685307013	-0.0086926727192264	0.002911388213972188	0.0006894022161351987	-0.0015156161482205999
-0.2205751766617519	-0.009930463634312686	-0.0034681649536136977	0.0100225096991867	-0.00020898512437589334	-0.0030429855307673	0.02227439097243017	-0.0195535594535003	0.0028317303357810013	0.036901775301897005	0.0033479674315838003	-0.014677846002771791	-0.0337843845181922	0.032964538930176215	-0.016105687037817007	0.00019945797471482285	0.0018728918861422028	-0.0008106830728684998
-0.3745346252557695	0.004526166613169499	-0.0013325036544377944	-0.0010637433358289816	-0.005396368696652998	-0.006966180252594073	-0.012544718986424896	0.005666344386387998	-0.0013094394017407057	-0.0086173367493873	-0.009668080471096201	-0.007637350237027905	0.02186292203436968	-0.0152173685117055	0.0162818464056532	-0.002205691935093901	0.0012364739381695994	0.003953750481568291
-0.4785054259273772	-0.0294127408586857	-0.013283418211063214	0.0008586514064101991	-0.0017277543371142998	-0.004783677066532099	0.007095393574856779	0.0184587064703677	-0.018739116364364802	-0.0002489111293122997	-0.0005039631035866007	-0.0131051487295391	-0.0007831071446629256	-0.005349000148718405	-0.0036258347761335	0.005864876625786053	0.008245576047016399	-0.0048403390221845
-0.3071457746020699	0.0245930460658826	0.011926758784244103	-0.018122256991870894	0.0137781282376731	-0.015005787700372301	0.01828907115786249	-0.004196479103268508	-0.022986909808084904	-0.011866650501688308	0.005469909635248498	-0.0296793622457222	-0.02976703076890788	0.008043710136216894	0.009418544628757894	0.011892301038070485	-0.004436514517947104	-0.005687860281000906
-0.3360569050803206	-8.340645717230116e-05	0.0005744146017477025	-0.0014977088584722104	0.0028098042259372003	-0.0013098773844723993	0.004916983266786634	-0.004974858291777899	-0.0007274956587520962	0.0108798869752803	0.012564000188897903	-0.0336045279890234	-0.005792146512081098	0.010453587211881901	-0.009698968586459994	0.014032553270958703	-0.005726799132410601	0.00482942596050269
-0.3466098455414732	-0.0262670183159427	0.010668977725140888	0.0089643408785645	-0.017022777141466296	0.0187145193095528	0.05247063864045587	0.0149245748753339	-0.049377992572604903	0.0121399519906873	-0.025971505190768504	0.0224631424264305	0.0049745071419653175	0.0096622143077197	-0.009370366150571498	0.024973601167543935	0.0015430608940061007	-0.007817977938266
-0.2986547318546199	0.004011604523158303	0.0005466527610176013	-0.00684317958575012	0.0090713678339841	-0.010907190130671901	0.006914366190182486	-0.007136079003200999	-0.0014648883199358809	0.005636666497011396	-0.005768666283919498	0.0032872385800120016	-0.010823499268692999	-0.025118488685675795	0.005519338078247907	0.005533658706103783	-0.012323931557391199	0.0019352038256788967
-0.3057879031894894	-0.002898515594058404	0.0049552528752547995	-0.0010696855152990958	0.0012977884452371998	-0.0010923883093146985	0.00916847415374511	-0.0035438009017233	-0.0021727219338568	0.0110713435311904	0.004757741136773103	-0.011904901954415245	-0.0035547441295236126	0.003937651345083698	0.005262189493854701	0.014789144793930398	-0.0101767977020184	4.215209691199595e-05
-0.3998770589257508	0.01273181813222432	-0.019960393767160287	-0.0030013728423394087	-0.0021708662825296876	0.006095070072716098	0.009891419113126687	0.004302841476853599	-0.006983060995799206	0.0024146559658246997	-7.170264151890038e-05	0.0075825127142018015	-0.008878752189376407	-0.005588180526256301	-0.0205414588642528	0.003535525718833088	-0.0076215542210127	-0.005056455675450516
-0.3243922531342188	-0.0014623443161827024	-0.004745719309503099	0.010442358985458894	0.010544735053943797	0.0076163740454998005	0.0007037940995303082	0.0007106940416826005	-0.0021727219338568	0.0344447986960426	0.0112517691633739	-0.0066108920424053	0.004718711584846186	0.0027476030837990974	-0.0119875380499803	-0.01188305018259006	-0.006586891240670412	0.0063227088924644945
-0.3926531286041136	-0.0093217528709871	-0.0028625540974503982	-0.004048760296811671	0.006028934935113701	0.0034772164320507025	-0.008331529819168515	0.0028429068330369026	0.009902940633239196	-0.007500354076511898	0.018815121921461703	0.023602037610507297	0.0013885900284437147	0.010987614934457907	-0.012723638397626198	-0.0031853709975631084	0.0071519974895185925	0.0042408073179832015
-0.4238695892669875	-0.0034672986801026068	0.0045968379383814	-0.0051288517464424255	-0.0060390663904558994	0.0008669276976634999	-0.0007133695294558873	0.004965188985088402	-0.006469340589573595	0.0001920701987175033	-0.0033314928711911107	0.005086869407836897	0.001864899398615505	0.0012162510172676992	-0.00024072605339890696	-0.014480520508965866	0.025869032811229903	-0.020886342891084
-0.3266607985834213	0.009930463634312693	-0.0019941927686655814	-0.0010637433358290094	0.0002044776072121085	-0.0045616437666956	-0.012544718986424896	0.009805852979972099	-0.0070122241629647	0.008708052316476811	0.0027469976402188026	-0.0182116025897451	0.015461644722353507	-0.016374143390560703	0.02164469518936199	-0.0011268743654045954	-0.00021606911330699936	0.0018408951116101017
-0.2847031220224955	-0.004577564770272408	-0.0129449587890033	0.0010804720598190098	0.014236992962039799	0.0052205563451267895	0.0021305331584419995	-0.003534131595033685	0.0035788880393640976	0.0008235656101601985	-0.0005737466326902006	-0.0013143261441619005	0.0029741688237130415	0.0090294723261851	-0.01003907075446181	-0.009745201307452989	0.0068072493075700125	0.004621623517830686
