AAA	AAC	AAG	AAT	ACA	ACC	ACG	ACT	AGA	AGC	AGG	ATA	ATC	ATG	CAA	CAC	CAG	CCA	CCC	CCG	CGA	CGC	CTA	CTC	GAA	GAC	GCA	GCC	GGA	GTA	TAA	TCA
0.058252427184466	0.0	0.0	0.0	0.0	0.0	0.0	0.0	0.0	0.0	0.0	0.0	0.0	0.0	0.0	0.0	0.0	0.0	0.0097087378640777	0.0	0.0	0.0	0.0	0.0	0.0	0.0	0.0	0.0	0.0	0.0	0.0	0.0
0.0485436893203883	0.0	0.0	0.0	0.0097087378640776	0.0097087378640777	-0.0097087378640777	0.0	0.0	0.0	0.0	0.0	0.0	0.0	0.0	0.0097087378640777	0.0	0.0	0.0	0.0	0.0	-0.0097087378640776	0.0	0.0	0.0	0.0	0.0	-0.0097087378640777	0.0	0.0	0.0	0.0
0.058252427184466	0.0	0.0	0.0	-0.0097087378640777	0.0097087378640777	0.0	0.0	0.0	0.0	-0.0097087378640777	0.0	0.0	0.0	0.0	0.0	-0.0097087378640777	0.0	0.0	0.0194174757281553	0.0	0.0	0.0	0.0	0.0	0.0	0.0	0.0	0.0	0.0	0.0	0.0
0.0388349514563106	0.0097087378640777	0.0	0.0	0.0	0.0	0.0	0.0	0.0	0.0	0.0	0.0	0.0	0.0	0.0097087378640776	0.0	0.0	0.0	0.0	0.0	-0.0194174757281553	0.0	0.0	0.0	0.0	-0.0097087378640777	0.0	0.0	0.0	0.0	0.0	0.009708737864077603
0.058252427184466	0.0	0.0	0.0097087378640777	0.0	0.0	0.0	0.0	0.009708737864077693	0.0	-0.0097087378640776	0.0	-0.0097087378640777	0.0	0.0	0.0	0.0	0.0	0.0	0.0	0.0	0.0	0.0	0.0	0.0097087378640776	0.0	0.0	0.0	-0.0097087378640777	0.0	0.0	0.0
0.1650485436893204	0.0	0.0	0.0	0.0194174757281554	0.0	-0.0097087378640776	0.0	0.0	0.0	0.0	0.0	0.0	0.0	0.0	0.0097087378640777	0.0	0.0	0.0	0.0	0.0	-0.0097087378640776	0.0	0.0	0.0	0.0	-0.0097087378640776	0.0	0.0	0.0	0.0	0.0
0.0679611650485436	0.0	0.0	0.0	0.0	-0.0097087378640777	0.0	0.0	0.0	0.0	0.0	0.0	0.0	0.0	0.009708737864077693	0.0	0.0	0.0	0.0	0.0	0.0	0.0	0.0	0.0	0.0	0.0	0.0097087378640777	0.0097087378640777	0.0	-0.0097087378640777	-0.0097087378640777	0.0
0.0485436893203883	0.0	0.009708737864077707	0.0	0.0	-0.0097087378640776	0.0	0.009708737864077693	0.0	0.0	-0.0097087378640776	0.0	0.0	0.0	0.0097087378640776	0.0	-0.0097087378640776	0.0	0.0	0.0	0.0	0.0	0.0	0.0	0.0	0.0	0.0	0.0	0.0	0.0	0.0	0.0
0.1067961165048543	0.0	0.0	0.0	-0.009708737864077693	0.0	0.0	0.0	0.0	0.0	0.0	0.0	0.0	0.0	0.0	-0.0097087378640777	0.0	0.0	0.0	0.0	0.0097087378640776	0.0097087378640776	0.0	0.0	0.0	0.0	0.0097087378640777	0.0	0.0	0.0	0.0	-0.0097087378640777
0.0	0.0	0.0	0.0	0.0	0.0	-0.0097087378640777	0.0	0.0	0.0	0.0	0.0	0.0097087378640777	0.0097087378640777	0.0	0.0	0.0	0.0	0.0	0.0	-0.0097087378640776	0.0	0.0	0.0	0.0	-0.0097087378640777	0.0	0.0	0.0	0.0	0.0	0.0097087378640776
0.058252427184466	0.0	0.0	0.0	0.0	0.0	0.0	0.0	0.0	0.0	0.0	0.0	0.0	0.0	0.0	0.0	0.0	0.0	0.0	-0.0097087378640777	0.0097087378640777	0.0	0.0	0.0	0.0	0.0	0.0	0.0	-0.0097087378640776	0.0	0.0	0.0
0.1359223300970873	0.0	0.0	0.0	0.0	0.0	0.0097087378640777	0.0	0.0	0.0	0.0	-0.0097087378640777	0.0	-0.009708737864077603	0.0	0.0	0.0	-0.009708737864077603	0.0	0.0097087378640776	0.0	0.0	0.0	0.0	0.0	0.0	0.0	0.0	0.0	0.0097087378640777	0.0	0.0
0.0388349514563106	0.0	0.0097087378640777	0.0	0.0	-0.009708737864077693	0.0	0.0097087378640776	0.0	0.0	-0.0097087378640777	0.0	0.0	0.0	0.0	0.0	0.0	0.0	0.0	0.0	0.0	0.0	0.0	-0.0097087378640777	0.0097087378640777	0.0	0.0	0.0	0.0	0.0	0.0	0.0
0.087378640776699	0.0	0.0	0.0	-0.009708737864077707	0.0	0.0	0.0	0.009708737864077603	0.0	0.0	0.0	0.0	0.0	0.0	-0.0097087378640777	0.0	0.0	0.0	0.0	0.0	0.0	0.0	0.0097087378640777	0.0	0.0	0.0	0.0	0.0	0.0	0.0	0.0
0.0097087378640776	0.0	0.0	0.0	0.0	0.0	0.0097087378640777	0.0	0.0	0.0	0.0	-0.0097087378640777	0.0	-0.0097087378640777	0.0	0.0	0.0	-0.0097087378640777	0.0	0.0097087378640776	0.0	0.0	0.0	0.0	0.0	0.0	0.0	0.0	0.0	0.009708737864077603	0.0	0.0
0.0	0.0	0.0	0.0	0.0	0.0	0.0	0.0097087378640776	0.0	-0.009708737864077693	0.0	0.0	0.0	0.0	0.0	0.0097087378640776	0.0	0.0	0.0	0.0	-0.0097087378640777	-0.0097087378640777	0.0	0.0	0.0	0.0	0.0	0.0	0.0	0.0	0.0	0.0097087378640777
0.0097087378640776	0.0	0.0	0.0	0.0097087378640776	0.0	0.0	0.0	0.0	0.0	0.0	-0.0194174757281553	0.0	0.0	0.0	0.0097087378640776	0.0	0.0	0.0	0.0	0.0	0.0	0.0	0.0	0.0	0.0	0.0	0.0	0.0	0.0	0.0	0.0
0.1262135922330097	0.0	0.0	0.0	0.0	0.0097087378640777	0.0	0.0	0.0	0.0	0.0	0.0	0.0	0.0	0.0	0.0	-0.0097087378640776	0.0	0.0	0.0	0.0	0.0	0.0097087378640776	0.0	0.0	0.0	-0.0097087378640776	-0.0097087378640776	0.0	0.0097087378640776	0.0	0.0
0.0485436893203883	0.0	0.0	0.0	0.0	0.0	0.0	0.0	0.0	0.0	0.0	0.0	0.0	0.0	0.0	0.0	0.0	0.0	0.0	0.0	0.0	0.0	0.0	0.0	0.0	0.0	0.0	0.0	0.0	0.0	0.0	0.0
0.029126213592233	0.0	-0.0097087378640777	0.0	0.0	0.0	0.0	0.0	0.0	0.0	0.0	0.0	0.0	0.0	0.0097087378640777	0.0	0.0	0.0	0.0	0.0	0.0	0.0	0.0	0.0097087378640777	0.0	0.0	0.0	0.0	0.0	0.0	-0.0194174757281554	0.009708737864077707
0.0485436893203883	0.0	0.0097087378640777	0.0	0.0	0.0	0.0	0.0	0.0	0.0	0.0	0.0	0.0	0.0	0.0097087378640777	0.0	-0.0097087378640777	-0.0097087378640776	0.0	0.0	0.0	0.0	0.0	0.0	0.0	0.0	0.0097087378640777	-0.0097087378640777	0.0	0.0	0.0	0.0
0.0097087378640776	-0.0097087378640777	0.0	0.0097087378640776	0.0	0.0	-0.0097087378640776	0.0	0.0	0.0	0.0	0.0	0.0	0.0097087378640777	0.0	0.0	0.0	0.0	0.0	0.0	0.0	-0.0097087378640776	0.0	0.0	0.0	0.0	0.0097087378640777	0.0	0.0	0.0	0.0	0.0
0.0097087378640776	0.0	0.0	0.0	0.0	0.0	0.0	0.0	0.0	-0.009708737864077693	0.0	0.0	0.0	0.0	0.0	0.0	0.0097087378640777	0.0097087378640777	0.0	0.0	0.0	0.0	-0.0194174757281553	0.0	0.0	0.0	0.0	0.0097087378640776	0.0	0.0	0.0	0.0
0.0	0.0	0.0	0.0	0.0	0.0	0.0	0.0	0.0	0.0	0.0	0.0	-0.0097087378640777	0.0097087378640777	0.0	0.0	0.0	0.0097087378640777	0.0097087378640777	-0.0097087378640776	-0.0097087378640777	0.0	0.0	0.0	0.0	0.0	0.0	0.0	0.0	0.0	0.0	0.0
0.058252427184466	-0.0097087378640776	0.0	0.009708737864077693	0.0097087378640777	0.0	-0.0194174757281553	0.0	0.0	0.0	0.0	0.0	0.0	0.009708737864077693	0.0	0.0	0.0	0.0	0.0	0.0	0.0	0.0	0.0	0.0	0.0	0.0	0.0	0.0	0.0	0.0	0.0	0.0
0.1067961165048543	0.0	0.0	0.0	0.0	0.0	-0.0097087378640776	0.0097087378640777	0.0	0.0	0.0	0.0	0.0	0.0	0.0	0.0	0.0	0.0	0.0	0.0	-0.0097087378640776	0.0	0.0194174757281553	-0.0097087378640777	0.0	0.0	0.0	0.0	0.0	0.0	0.0	0.0
0.0	0.0	0.0	0.0	0.0	0.0	0.0	0.0	0.0	-0.0097087378640776	0.0	0.0	0.0194174757281553	0.0	0.0	0.0	0.0	0.0	0.0	0.0	0.0097087378640776	-0.009708737864077707	0.0	-0.0097087378640777	0.0	0.0	0.0	0.0	0.0	0.0	0.0	0.0
0.0970873786407767	-0.0097087378640777	0.009708737864077603	0.0	-0.0097087378640777	0.0	0.0	0.0	0.009708737864077693	0.0	0.0	0.0	0.0	0.0	0.0	0.0	-0.0097087378640777	0.0	0.0	0.0	0.0	0.0	0.0	0.0097087378640777	0.0	0.0	0.0	0.0	0.0	0.0	0.0	0.0
0.0194174757281553	0.0	0.0	0.0	0.0	0.0	0.0	0.0	0.0	0.0	0.0	0.0	0.0	0.0	0.0097087378640777	0.0	0.0	0.0	0.0	0.0	-0.0097087378640776	-0.0097087378640777	0.0	0.0	-0.0097087378640777	0.0	0.0097087378640777	0.0	0.0	0.0	0.0	0.0
0.087378640776699	0.0	0.0	0.0	0.0	-0.0097087378640777	0.0	0.0097087378640776	0.0	0.0	-0.0097087378640777	0.0	0.0	0.0	0.0	0.0	0.0	0.0	0.0	0.0	0.0	0.0	0.0	0.0	0.0	0.0	0.0	0.0	0.0	0.0	0.0	0.0
0.0388349514563106	0.0	0.0	0.0097087378640776	0.0	0.0	0.0	-0.0097087378640777	0.0	0.0	0.0	0.0	0.0097087378640777	0.0	0.0	0.0	0.0	0.0	0.0	0.0	0.0	0.0	0.0	-0.0097087378640777	0.0097087378640777	-0.0097087378640777	0.0	0.0	0.0	0.0	0.0	0.0
0.1553398058252427	0.0	0.0	0.0	0.0	0.0	0.0097087378640776	0.0	0.0	0.0	0.0	0.0	-0.0097087378640777	-0.0097087378640777	0.0	0.0	0.0	-0.0097087378640776	0.0	0.0097087378640776	0.0	0.0	0.0	0.0	0.0	0.0097087378640777	0.0	0.0	0.0	0.0	0.0	0.0
0.0776699029126213	-0.0097087378640776	0.0097087378640777	0.0	0.0	-0.0097087378640777	0.0	0.0	0.0	0.0097087378640777	0.0	0.0	0.0	0.0	0.0	0.0	0.0	0.0	0.0	0.0	0.0	0.0	0.0	0.0	0.0	0.0	0.0	0.0097087378640777	0.0	0.0	0.0	0.0
0.0194174757281553	-0.0097087378640777	0.0	0.0097087378640777	0.0097087378640777	0.0	-0.0194174757281554	0.0	0.0	0.0	0.0	0.0	0.0	0.0097087378640777	0.0	0.0	0.0	0.0	0.0	0.0	0.0	0.0	0.0	0.0	0.0	0.0	0.0	0.0	0.0	0.0	0.0	0.0
0.0679611650485436	0.0	0.0	0.0	0.0	0.0	0.0	0.009708737864077603	0.0	-0.0097087378640777	0.0	0.0	0.0	0.0	0.0	0.0097087378640777	0.0	0.0	0.0	0.0	-0.0097087378640776	-0.0097087378640776	0.0	0.0	0.0	0.0	0.0	0.0	0.0	0.0	0.0	0.0097087378640776
0.0485436893203883	0.0	-0.0097087378640777	0.009708737864077707	0.0	0.0	0.0	0.0	-0.009708737864077603	0.0	0.0	0.0	-0.0097087378640777	0.0	0.0	0.0	0.0	0.0	0.0	0.0	0.0	0.0	0.0	0.0	0.0	0.0	0.0	0.0	0.0	0.0	0.0	0.0
0.0	0.0097087378640777	0.0	-0.0097087378640776	0.0	0.0	0.009708737864077693	0.0	0.0	0.0	0.0	0.0	0.0	-0.0097087378640777	0.0	0.0	0.0	-0.009708737864077603	0.0	0.0097087378640777	0.0	0.0	0.0	0.0	0.0	0.0	0.0	0.0	0.0	0.0	0.0	0.0
0.029126213592233	0.0	0.0	0.0	0.0	0.0	0.0	0.0	0.0	0.0	0.0	0.0	-0.0097087378640777	0.0097087378640777	0.0	0.0	0.0	0.0	-0.009708737864077693	0.0	0.0	0.0	0.0	0.0	0.0	0.0	0.0097087378640777	0.0097087378640777	-0.0097087378640777	0.0	0.0	0.0
0.0679611650485436	0.0	0.0	-0.0097087378640777	0.0	0.0	0.0	0.009708737864077707	0.0	0.0	0.0	0.0	0.0	-0.0097087378640777	-0.0097087378640777	0.0097087378640777	0.009708737864077693	0.0	0.0	0.0	0.0	0.0	0.0	0.0	0.0	0.0	0.0	0.0	0.0	0.0	0.0	0.0
0.087378640776699	0.0	0.0	0.0	0.0	-0.0097087378640776	0.0	0.0097087378640777	0.0	0.0	0.0	0.0	0.0	0.0	0.0	0.0	0.0097087378640777	0.0097087378640777	0.0	-0.0194174757281553	0.0	0.0	0.0	0.0	0.0	0.0	0.0	0.0	0.0	0.0	0.0	0.0
0.0388349514563106	0.0	0.0	0.0	0.0097087378640777	0.0097087378640777	-0.0097087378640777	0.0	0.0	0.0	0.0	0.0	0.0	0.0	0.0	0.0097087378640777	0.0	0.0	0.0	0.0	0.0	-0.0097087378640776	0.0	0.0	0.0	0.0	0.0	-0.0097087378640777	0.0	0.0	0.0	0.0
0.0485436893203883	0.0	0.0	0.0	0.0097087378640777	-0.0097087378640777	-0.0097087378640777	0.0097087378640777	0.0	0.0	0.0	0.0	0.0	0.0	0.0	0.0	0.009708737864077693	0.0	0.0	-0.0097087378640777	0.0	0.0	0.0	0.0	0.0	0.0	0.0	0.0	0.0	0.0	0.0	0.0
0.0097087378640776	0.0	0.0	0.0	0.0	0.0	0.0	0.0	-0.0097087378640777	0.0	0.0	0.0	0.0	0.0	0.0	0.0	-0.0097087378640777	-0.009708737864077707	0.0	0.0194174757281553	0.0	0.0	0.0	0.0	0.0	0.0	0.0	0.0	0.009708737864077603	0.0	0.0	0.0
0.058252427184466	0.0	0.0	-0.0097087378640777	0.0	0.0	0.0	0.0097087378640776	0.0	0.0	0.0	0.0	0.0	-0.009708737864077603	-0.0097087378640776	0.0097087378640777	0.0097087378640777	0.0	0.0	0.0	0.0	0.0	0.0	0.0	0.0	0.0	0.0	0.0	0.0	0.0	0.0	0.0
0.0194174757281553	0.0	0.0	0.0	0.0	0.0	-0.0097087378640777	0.0	0.0	0.0	0.0	0.0097087378640777	0.0	0.0097087378640777	0.0	0.0	0.0	0.0	0.0	0.0	0.0	-0.009708737864077603	0.0	0.0	0.0	0.0	0.0097087378640777	0.0	0.0	-0.0097087378640777	0.0	0.0
0.058252427184466	0.0	0.0	0.0	-0.009708737864077603	0.0	0.0194174757281553	0.0	0.0	0.0	0.0	0.0	-0.0097087378640777	-0.0097087378640777	0.0	0.0	0.0	0.0	0.0	0.0	0.0	0.0	0.0	0.0	0.0	0.0097087378640776	0.0	0.0	0.0	0.0	0.0	0.0
0.0	0.0097087378640777	0.0	0.0	0.0	0.0	0.0	0.0097087378640777	0.0	-0.0194174757281554	0.0	0.0	0.0	0.0	0.0097087378640777	0.0	-0.009708737864077603	0.0	0.0	0.0	0.0	0.0	0.0	0.0	0.0	0.0	0.0	0.0	0.0	0.0	0.0	0.0
0.0194174757281553	0.0	0.0	0.0	0.0	0.0	0.0097087378640776	0.0	0.0	0.0	0.0	0.0	0.0	0.0	0.0	-0.0097087378640776	0.0	0.0	0.0	0.0	0.0	-0.0097087378640777	0.0	0.0	0.0	0.0	-0.0097087378640777	0.0	0.0	0.0194174757281553	0.0	0.0
0.0776699029126213	0.0	0.0	0.0	0.0097087378640777	0.0	-0.0097087378640777	0.0	0.0	0.0	0.0	0.0	0.0	0.0	0.0097087378640777	0.0	0.0	0.0	0.0	0.0	-0.0097087378640776	0.0	0.0	0.0	-0.0097087378640776	0.0	0.0	0.0	0.0	0.0	0.0	0.0
0.0194174757281553	0.0	0.0097087378640777	0.0	0.0	0.0	0.0	0.0	0.0	0.0	0.0	0.0	0.0	0.0	0.0	0.0	-0.009708737864077693	0.0	0.0	0.0	0.0097087378640777	-0.0097087378640777	0.0	0.0	0.0097087378640777	0.0	-0.009708737864077707	0.0	0.0	0.0	0.0	0.0
0.0	0.0	0.0	0.0	0.0	-0.0097087378640776	0.0	0.0	0.0	0.0	0.0	0.0	0.0097087378640777	0.0097087378640776	0.0	-0.0097087378640777	0.0	0.0	-0.0097087378640777	0.0	0.0	0.0	0.0	0.0	0.0	0.0	0.0	0.0	0.009708737864077693	0.0	0.0	0.0
0.0194174757281553	0.0	0.0	0.0	0.0	0.0	0.0	0.0	0.0	0.0	0.0	0.0	0.0	0.0	0.009708737864077603	0.0	0.0	0.0	0.0	0.0	-0.0097087378640776	-0.0097087378640776	0.0	0.0	-0.0097087378640776	0.0	0.009708737864077707	0.0	0.0	0.0	0.0	0.0
0.0097087378640776	0.0	0.0	0.0	0.0	0.0097087378640776	0.0	0.0	0.0	0.0	0.0	0.0	0.0	0.0	0.0	0.0	0.0	0.0	-0.009708737864077707	0.0	0.0	0.0	0.0	0.0	0.0	0.0097087378640777	0.0	-0.019417475728155303	0.0097087378640777	0.0	0.0	0.0
0.0485436893203883	0.0	0.0	0.0	0.0	0.0	0.0	0.0	0.0	0.0	0.0	0.0	0.0	0.0	0.0097087378640776	0.0	0.0	0.0	0.0	0.0	0.0	0.0	0.0	0.0	0.0097087378640777	0.0	0.0	0.0	0.0	0.0	-0.0194174757281553	0.0097087378640777
0.0194174757281553	0.0	0.0097087378640777	-0.0097087378640777	0.0	0.0	0.0	0.0097087378640777	0.0	0.0	0.0	0.0	0.0	-0.0097087378640777	0.0	0.009708737864077603	0.0	0.0	0.0	0.0	0.0	0.0	0.0	0.0	0.0	0.0	0.0	0.0	0.0	0.0	0.0	0.0
0.0679611650485436	0.0097087378640777	0.0	0.0	0.0	0.0	0.0	0.0	0.0097087378640777	0.0	-0.0097087378640777	0.0	0.0	0.0	0.0	0.0	0.0	0.0	0.0	0.0	0.0	0.0	0.0	0.0	0.0097087378640777	-0.0097087378640777	0.0	0.0	-0.0097087378640777	0.0	0.0	0.0
0.0679611650485436	0.0097087378640777	0.0	-0.0097087378640777	-0.0097087378640777	0.0	0.0194174757281553	0.0	0.0	0.0	0.0	0.0	0.0	-0.009708737864077603	0.0	0.0	0.0	0.0	0.0	0.0	0.0	0.0	0.0	0.0	0.0	0.0	0.0	0.0	0.0	0.0	0.0	0.0
0.0485436893203883	0.0	0.0	0.0	0.0	0.0	0.0	0.0	0.0	0.0	-0.0097087378640777	0.0	0.0	0.0	0.0	0.0	-0.0097087378640776	-0.009708737864077707	0.0097087378640777	0.0194174757281553	0.0	0.0	0.0	0.0	0.0	0.0	0.0	0.0	0.0	0.0	0.0	0.0
