MMI_AA,MMI_AC,MMI_AG,MMI_AT,MMI_CC,MMI_CG,MMI_CT,MMI_GG,MMI_GT,MMI_TT,MMI_AAA,MMI_AAC,MMI_AAG,MMI_AAT,MMI_ACC,MMI_ACG,MMI_ACT,MMI_AGG,MMI_AGT,MMI_ATT,MMI_CCC,MMI_CCG,MMI_CCT,MMI_CGG,MMI_CGT,MMI_CTT,MMI_GGG,MMI_GGT,MMI_GTT,MMI_TTT
0.025034382157179375,0.10496975035503056,0.06888223184677551,0.05864571008248758,0.029758744781355297,-0.010394732298248143,0.08115349332813875,0.0061902386138724536,0.14797264059335888,0.005050351314136975,0.02381738820671908,0.10066840545266159,-0.06207846155658686,0.03292999355113968,-0.0761305575744687,-1.6281642722636473,-0.2593624986949621,-0.25474254522540424,0.06887145060824301,-0.10615408885084818,0.010753397099086404,0.10354312174741997,0.03540707643672325,-0.30311792583918273,-0.005894191056388831,-0.014087751317551633,-0.32296035356870223,0.02728735946000177,-0.007325921325963991,-0.021399521394566856
-0.0036998412581725356,0.1717443000129452,0.06541971456590553,0.061884658349731454,-0.01740135779989554,0.07303259302334542,0.10813937985003853,-0.0036250088989604463,0.059449177610303945,0.015742320273404733,0.007429496304483474,0.0846601419249352,0.04148802628993031,-0.02595226276268242,-0.8399748153712661,-0.15933111881799622,0.05143661021212231,-0.26565570426503565,-0.1992114106224221,-0.21282227174629878,-0.35446807282596765,0.058232665495586644,0.0308184879682174,-0.22726151656328122,-0.5060140246969618,0.03392926798843188,-0.2648468472639688,-0.3653914091802896,0.059454620770945765,0.0110093625825049
-0.004571032343907743,0.09615078413884884,0.10310132177660374,0.09924024325401866,-0.004484316478359611,0.0017797648976278077,0.08809668052105264,-0.008506318060182103,0.18354734532311845,-0.012330516703010271,-0.010352529768812846,0.10271926270581433,0.06403246315545813,0.014281824576908075,-0.10993226466508008,-2.2220389933296767,0.10458197299826788,0.014437211965032754,-0.2082754948061492,-0.05348969991326455,-0.202942075484843,-0.2714589945791707,-0.05098494216088495,-0.2651949132031833,-0.01322920718069398,-0.07331996862739285,-0.3139598170539553,0.02766493818177479,0.1478870252893158,-0.0156530000324141
-0.005086951708579502,0.10908521289190828,0.15042772924133313,0.010741903078584667,-0.012987343189108297,0.01900208485760484,0.22793097658295114,0.022261849441804957,0.06958693738006785,-0.011780134553935633,0.028795675346845462,-0.17002608991761847,0.01647375396108386,0.013929956392427667,-0.12044140100270326,-0.4494703967304896,0.12406669505782411,0.0697564455804458,-0.20681864903670397,-0.3367487593274074,-0.07427269485276783,-0.05726608353197965,0.21439078076245036,-0.10307075283769257,-0.018915500623703466,-0.17541080814235893,0.01669339106842732,0.024686006728472154,-0.06494881897684326,0.0333926464795366
-0.012064600958577617,0.10116437635035952,0.17048949841296318,0.06793321201342335,0.011555943302385593,-0.006337843697254877,0.15045400928110003,0.002244600584060886,0.0634569795557846,0.003331066208487177,0.02324392364988831,0.03333250761012002,0.17634836861720254,-0.005180054875300488,-0.09619574091556726,-1.49060274300123,0.03815972384687871,0.20852688028693922,-0.03263590526497909,0.010628240960346147,-0.34559645101515346,0.033566105383274925,-0.04333312853399651,0.015672318383634476,0.027471998660865082,0.13275193430380983,-0.3208057618176405,-0.08082280046452067,0.04123889474513248,0.005543018456229509
0.04139702253865159,0.07460088025036236,0.03641442821052057,0.09677487967475565,-0.0036250088989604463,0.04882078565288427,0.07641642254049061,0.007439686195338824,0.041884048181630926,0.033035272035562266,0.0031089636835427426,0.014716810829602411,0.04690545415417424,0.07412268281034051,0.16622497553753524,-0.24695682403646965,-0.04692758533237315,-0.9041236278460587,-0.186215491394156,-0.14353805960211352,-0.2648468472639688,-0.0017131089780937914,0.0026431345362288305,0.029620793046277627,0.036080812031676235,0.06893587717522187,-0.2924480572537797,-0.05136147509735939,0.08630588790728139,0.04129561171911056
0.017051211795496856,0.11155528925108858,0.0053709515392923336,0.09112804217502402,-0.007868334323476665,0.013695847057340975,0.1640932866760908,-0.0012717379271448754,0.13367297126790975,-0.013274108919026055,-0.06366923749552139,0.046041111365668186,0.028436611908313647,0.004033755045034726,-0.4202321279115687,0.10393257230750808,-0.06896869622782223,-0.3497512188548901,-0.005396705213476682,0.0696020466869452,0.023332966301443603,-0.37574701743377237,-0.007747100208674085,-1.7734477974714968,-0.18456338504585115,0.04190261098064288,-0.22047996457673671,-0.3634855090250137,0.06196610979829251,-0.013348061882953954
0.006276231916366947,0.05696124761440133,0.19882109744609788,0.014596497346436404,0.03267757569627971,-0.01584812507672347,0.1627218984249029,0.022261849441804957,0.08225437035638417,0.020461128029031467,0.010819512434843692,-0.011177725591623333,0.09928515780005248,0.006145269886606242,-0.30556495333825934,-3.5521927807797673,0.05816869787587381,0.03373444451936722,0.10554405132125688,0.022767570601256837,-0.031875617407819246,-0.0842193970463874,0.060738361798031826,0.09877335940057066,0.010996674814556184,-0.2834265414766999,0.01669339106842732,-0.061269955843151924,0.08972673864027864,0.00783835784525011
0.0036904553721755326,0.23718830834168741,0.11197141132777529,0.0023947774847936426,0.002244600584060886,-0.01120592131188974,0.040138677977343516,0.014746056699274328,0.08747267144990775,0.06733358792792989,-0.0016942541221147689,0.4486754810577685,0.2126884776395212,-0.03567360247010504,-1.5105926361815403,-10.829751262576758,-0.39025291923478794,-1.460767672395329,0.10153403018131485,-0.02041688387044177,-0.3208057618176405,-0.16544918265644074,-0.024205272124642907,0.16859974889821053,-0.1537523130881793,0.04084442226792223,-0.3267057551822152,0.0020034161784645566,0.00012191939834726995,0.08056419986794278
-0.005956725122669477,0.12849624807406507,0.09804348774184628,0.0048295524953474115,0.010917927565697183,0.019641081730497202,0.13171755561506163,0.010870368048142018,0.16552076800397988,-0.012113735102159075,-0.25901346133354347,-0.1662877423147141,-0.010415981432332244,-0.31713462254983527,-0.24005941287738766,0.02728530508344973,0.15062818544356604,-0.08593916340630908,0.13902520248980244,-0.3063483449318184,-0.10727849108790238,0.00960236317181501,0.0871731679773424,0.01654236275809834,-0.017399235976429395,-0.13509275464200493,-0.07744845426179514,0.2052288789440444,-1.9729508826761832,-0.28510373720326376
-0.0011427580859769357,0.07322664726913745,0.07035617004320657,0.035292972309829015,0.029433004462781312,0.13835449239522657,0.008536120419836932,0.0009206180013167129,0.08625243714817983,0.051037437691003336,0.07396901665271377,-0.040426962443656456,-0.13017754736948384,-0.05263253444050703,0.07820108886255328,0.04956117265250842,0.0668974826708274,0.03831105153528391,0.08143862553421366,0.019219810801553605,0.018551795469230137,0.09740505228472429,0.006999420452120819,0.0016515910020027669,-0.1687158471665658,0.007549582433584945,0.003322940357029125,0.06418911295462998,0.11134746290714581,0.008437418561851262
0.027397436703125715,0.07993760524594687,0.05643952283977352,0.08465928425966024,0.014452053764337084,0.005811359389218924,0.00321836242961049,0.006276231916366947,0.19403282844124026,0.01676849710064038,-0.011966621139154865,0.19995580325266885,0.019067840266953517,0.03863105137535666,-0.10232026855914553,-0.6761992021787668,-0.5697235814308569,0.017920892983309067,-0.18516071090351505,0.07389075885547686,-0.3085983086373643,-0.23600029885260995,0.12469179662037108,-0.24464099322772812,0.10384202737993634,0.029631903133007953,0.010819512434843692,0.058963825478241305,0.1387074480089175,-0.003249339962094422
-0.0036998412581725356,0.19518864812694678,0.1068300211027276,0.007347258846492368,0.01676849710064038,-0.005691007709081657,0.10273356960465095,0.010349255634662897,0.10384719833822734,0.002244600584060886,0.011281640907743307,0.06061771110332037,0.09408722715724294,0.0010413289674975346,-0.3181510787632989,-0.9471809354637848,0.18798799978503275,0.050901330174742104,0.0901241453039891,-0.009358616952246102,0.019413692272786554,-0.34973630403223044,0.07260904228030968,-0.6660279456319821,0.028986370468124578,0.10268302346882958,0.022542439203185827,-0.10320758330931062,-0.8699641654674997,0.026693691632961425
0.027726322120193783,0.2117685067642563,0.08431821932617496,-0.019445754880872333,-0.012207453180276199,-0.01175552144496617,0.13120293133496472,0.023664624894973323,0.1068300211027276,0.0419920825945962,0.034208199210880696,0.21464304500170783,-0.0063094474994491445,0.016612260913329124,-2.0637208753106906,-3.3756433653153137,0.08885730745897774,-0.1557469388301764,0.07076522915129907,-0.020624464846973223,-0.24371384011073677,-0.173790915905918,0.0013372506244371252,0.1497225773018693,-0.05693090488253022,0.012883852657398692,-0.009826328100554005,0.027693556731805458,-0.17703061258218664,0.030337818417591755
-0.025817559701228954,0.19076325072136824,0.063790873346745,0.18490253884569274,-0.005956725122669477,0.016723350932902444,0.03233392481902977,0.02901018017474154,0.10724114799466603,-0.015322404730811706,-0.07655300612283222,0.32530532272115703,-0.025832331382573015,0.15085821776133104,-2.1369314699835273,-1.2942353227362036,-1.4183335037416138,0.06377610166540093,-0.009271057529718796,-1.777838858741954,-0.25901346133354347,-0.03725585829483208,-0.35679810349184893,0.008585866506846451,0.020447724503138143,0.004554107922327577,0.027376119000307675,0.0708620445244067,-0.044635982515385725,-0.32883219420406345
-0.005956725122669477,0.15528155274980027,0.047224702522535765,0.021347216153729205,-0.024833121846675604,0.0796604001236664,0.22111436648097313,0.011638277757296318,0.09886930516192553,0.0,-0.25901346133354347,-0.009928285585764529,-0.3669730120097805,-0.35344738752866156,-0.012975461701627916,-0.10283243717218225,0.16522569503517387,0.03370786908602663,0.04723349356714557,-0.3261434462522629,-0.026286755609657264,0.0520580280081816,0.4201519038389174,0.13672180900314015,-0.20417045972422565,0.3375912641710206,-0.004317484647223979,0.07224801072272169,-0.20477626102307367,0.0
-0.01948873730465243,0.07605074401310684,0.173261576182606,0.11834129815853069,0.027397436703125715,0.01928703906407991,0.10811025101170711,-0.012113735102159075,0.11837271482284403,-0.018819293593395833,-0.27520744377886064,-0.18269168518549406,0.11767306378858694,0.0026693390030566033,-0.05886491426872914,-0.29551995938417086,0.03414997800965236,-0.9294429194056362,-0.24423726487347858,0.15210603953688862,0.014654796182315966,0.004579278075420745,-0.03654130878365969,-0.08216101292370143,0.06442475849025403,-0.21897989000607168,-0.28510373720326376,-0.07789663630502314,-0.715995123873105,-0.004627410016042277
0.0705435206344389,0.03457026648632056,0.0814405761176772,0.008801198507257746,0.007439686195338824,-0.00815512565497519,0.1278985436170507,0.02328582517799153,0.1541715339944485,0.010917927565697183,0.08272693001484749,0.07605195224996159,0.016610067879816448,-0.012819849247095338,-0.2869874378005112,-1.6920238273457922,-0.0487931033952137,0.040542074826620644,0.011783944522684275,0.0008033355986568624,-0.2924480572537797,-0.18649024586660168,-0.0050053466138403335,0.04333729105131101,-0.009222133274171429,0.11990068070844981,0.023288594552119957,0.07547491934554246,-0.041659145740714235,0.0068758753614655
-0.0025865604581962057,0.1739726875460967,0.09625499637978761,0.04091827407436352,-0.022298386429025863,0.059324606037300186,0.19345693685199425,0.01576179021260177,0.036451927626711435,-0.003997112840774837,-0.019871801805762368,0.16867670636297452,0.0809762494724598,-0.04797956386531499,-3.379457075181051,-0.467339015711806,-0.08556926141172859,-0.04270937787102291,-0.4050952638226727,-0.1432210033129917,-0.22075614543550925,-0.05668101412417337,0.0670114403544998,0.04694094135226606,-0.1610211957775896,-1.1029814344535094,0.005700144301010013,-0.35074301092026905,-0.026435245524553175,-0.33192154998872747
-0.005086951708579502,0.1474674534946278,0.08380400666272705,0.023642685318902644,0.017444482062349678,-0.01485870023368704,0.1213111901693536,-0.003997112840774837,0.22846383634410006,-0.011445641344303866,-0.31626484913574526,0.04627366970332769,-0.006540105929265461,0.006298448404237322,0.04319519770349459,-0.8378513136848668,-0.05424328643779264,0.030838935106630938,0.09389365592578058,0.0038370424973455663,-0.0006724557603171033,0.06505619206383306,0.045136452759238055,-0.3147464436828055,0.00026539403044689713,-0.1216535103036518,-0.008859988516250195,0.03766129459710965,-0.0477601102629541,-6.024123148706817e-05
0.022261849441804957,0.10766499219448387,0.09693456665108739,0.023761966470163164,-0.008506318060182103,0.04792463154455445,0.10926363972973255,-0.018819293593395833,0.21311187301620396,-0.014920287978570642,0.021093964636520357,0.08553034439511825,-0.0437151950673868,-0.10016860860052978,0.15352186705847998,-0.4573595452786815,-0.06391414195141418,-0.06302968683027155,0.07414228432311659,-0.1335513005333747,-0.3139598170539553,-0.05325123477220273,0.009025111552698972,-0.14743842448959632,0.036274238124682,-0.01848425406826326,-0.32768897148851955,0.17626914822661144,-0.9652984518118244,0.038092609569143954
0.03267757569627971,0.041762978205517956,0.06843225682511647,0.022399761790494244,0.05030203595435877,0.006733153268143275,0.07241999410391917,0.03296656894230867,0.15445698209260617,0.006043255577161716,-0.3317755301341899,-0.09812491008440305,0.012167236634563594,0.04765905786219554,0.020318701555237906,-0.03330097571053725,-0.08650767569543452,0.04792191776340038,0.0795615943877725,-0.03458399098724624,0.030297087471331308,0.008583942267506528,0.05139697696251372,-0.010403178281244763,-0.04274023619556783,-0.0038569057618499936,0.035102936319956535,0.05807879835165172,-0.06588881972228364,-0.09133593675035062
-0.014920287978570642,0.06309582845588493,0.09884093861235117,0.16306848544330033,-0.012113735102159075,0.06309582845588493,0.14861810785467885,-0.01948873730465243,0.20044274907510326,-0.03627657540920753,-0.30940684388145795,-0.027303952663604747,0.009974596219876841,0.021887993511423454,-0.027917729589225504,-0.18822665947696007,0.025843097105964663,-0.2492022108647133,-0.09146047278944058,-0.1620385611138723,0.08140383330373546,-0.14677117976716114,-0.010657768700884585,-0.03664944230656403,-0.07514342619956343,-0.20114305907024838,-0.27520744377886064,-0.024440677530886246,-2.421157771785326,0.0541510905359211
-0.013706875714165116,0.03307887141069151,0.23847736814720172,0.0762665718527617,0.0585055587063554,0.026349149198181886,0.09256095169996281,-0.021751470755803283,0.1541131307737437,-0.015322404730811706,-0.1596180769981686,-0.37341455296152043,0.09109955045367243,-0.15989634877224093,0.041178339281296716,-0.6805686175483152,0.0009792246442428265,0.004366705848164289,-0.19836994775923486,0.014474718271252462,0.06822342868008718,-0.0051989633534030855,0.06749484084262325,-0.07454236972066841,0.03683267251524225,-0.7210521434924504,-0.27220382337275034,0.050808540294076276,-0.1436417007014183,-0.32883219420406345
0.011044084814925184,0.02093629531314679,0.11256987206913052,0.1369102996675599,0.03267757569627971,0.03277528831732893,0.08300574452821541,0.0057220159445675765,0.0736359358198298,-0.0036998412581725356,0.007603011226907153,-0.3525993912150248,0.06587275396847686,0.10470228671883514,0.002353343765787441,-0.7739512544849526,-0.15954637950423164,-0.34686853028074677,-0.0012508467970067938,-0.46098906735325984,0.0347320403728093,-0.04804287359473852,0.02332857089362461,0.03927001457223922,0.011052003305898783,-0.04807574961361738,-0.04186873373505384,0.009750947781399677,0.028467717179972374,-0.07189810870309393
0.04139702253865159,0.12431956111291113,0.09142255272297498,0.0012872361526758433,-0.013706875714165116,0.036817967909914893,0.18063055705615771,-0.008477381185633544,0.08705870132940291,0.025034382157179375,0.0427271913038097,0.1300852671919101,0.17586746107839724,-0.09912536926822252,-3.4346015336573457,-0.27924069644480204,0.10210147630225902,-1.538432494638412,-0.38234172585615095,0.0005161973664322694,-0.1596180769981686,-0.3814314401716246,0.03148099183393771,-0.3406623124195894,-0.0002905268043202902,0.06985039390428496,-0.18282655394914388,-0.37575599047887637,-0.013789276841325526,0.02381738820671908
0.01940948914669239,0.02089841272703185,0.11751946819007328,0.0035806343595282224,0.0009206180013167129,0.18447265652696876,0.12027751963589074,-0.002505757286541411,0.028764281774870084,-0.0012717379271448754,-0.3280811732592997,0.010193472655409153,0.018482316704212076,-0.2917684082804734,0.05180678089680463,-0.03731961044559895,0.06485006061688242,0.016850509860043245,0.1688137153348154,-0.30759726306763757,-0.009426264828130249,0.08345733048255255,0.294793291214207,-0.29274185027520394,-0.7555547796590895,0.120183268732075,-0.01116244911440023,0.030560327556463762,-0.26523576928447923,-0.22047996457673671
0.011638277757296318,0.08685232227705796,0.13561282504938535,0.03104776690398871,-0.0036558423603201074,-0.001158039723154824,0.15835912374350744,0.010632740685197878,0.07855803528510982,0.018247014944942075,-0.004317484647223979,0.055204021248527024,0.10266335446552399,-0.007367069924972602,0.03941389219943736,-1.1942031849197592,0.07391658436439458,0.005745445684042977,-0.04723305311851114,0.027015110343025783,-0.2963790359012547,0.038390112096508555,0.010886126414028252,-0.30661153871692803,-0.03700307266826758,-0.01113740626694068,0.025750622111296306,0.0060398553419588885,0.07396514994187087,0.013654129601703091
-0.008506318060182103,0.059086397198275284,0.2172794201108732,0.018695929668380108,0.022261849441804957,0.059067041833689375,0.10818138188684322,-0.01923413692918849,0.10908521289190828,-0.00661507088267879,0.03353963639664659,-0.06489120005579402,0.07375691725951267,-0.0037651478345120393,-0.06322071680786895,0.1199025864935615,-0.052383628487153,-1.072873081971412,0.2005735443121347,-0.34307047061294904,-0.11355999515358245,-0.10520155426997974,0.0771524417203473,0.04096184725230739,0.06316713916363081,-0.5685477121074205,-0.10249198178082358,0.05276615108371974,0.1302057119970212,0.07403749088924105
-0.009615620470521728,0.1006943307590936,0.11568729546080597,0.12327472263392683,-0.0029450336384839082,0.016516280637554417,0.04573100361045103,9.51577764170742e-05,0.0980096402084091,0.01676849710064038,-0.0988093433958076,-0.06799499456332642,0.08174460973464115,0.02655563577143516,-0.054405704877930346,-0.46828514633277235,0.11442329334693324,-0.3920769066824897,-0.433282642434352,0.08245007036742732,-0.2112065768043847,0.039100920818344764,-0.06780108332141782,0.03412434311625845,0.0543908524504253,0.08736418831503462,-0.3327458110995954,-0.0010182599431494688,0.07799180314567433,-0.003249339962094422
0.00943658511513723,0.12050084524001667,0.11941706076617481,0.03307887141069151,0.011555943302385593,0.003928051022106522,0.1021197909657751,0.006043255577161716,0.14348842130441206,-0.009429888046299876,0.005847295337909342,0.09497335156006603,-0.04920532831946042,-0.01772552598240451,-0.03663602574919014,-0.911993752976227,-0.0314382536231268,0.16447148584678606,-0.07061815575364533,0.03710780324752361,-0.0663040560540828,0.0265374254683014,0.0392820426392424,-0.34356261138388555,-0.009788746142021132,-1.0911159870356812,0.015153297637166885,0.1036058892163316,0.2742487906539144,0.07779777408966632
-0.005086951708579502,0.12249942969800395,0.04734137898621343,0.08201683716010072,-0.012768603326291419,0.01641880496975693,0.18008727914081582,0.0,0.05837415184119806,0.01473912118188834,-0.31626484913574526,0.05777505261342053,-0.02578987638737218,-0.004529088282445248,-5.819183118672983,-0.21157683883443995,0.07609329681990076,-0.27697917367418545,-0.05273279102414308,0.08285411139513049,-0.16351239965632666,-0.37927340445916224,-0.1620807967329624,-0.35008599616311387,-0.02218631537558524,-0.004926268867240957,0.0,-0.2998877434491185,0.10255567674632812,0.008765181130916955
-0.024833121846675604,0.10990354601757509,0.2612952210607664,0.07371568905727341,0.006258595539294844,-0.00017823767169197364,0.04909062387988653,-0.012768603326291419,0.07758049223722449,0.02901018017474154,-0.026286755609657264,0.2334643753360044,0.3866676133950612,0.01662219620550187,-0.39991385945564495,-1.676599245447036,-1.3984788758616045,-2.863323872349177,-0.3610407080083605,-0.23604612621675108,-0.30881844743245335,0.08691115731121468,-0.0048554656675697805,-0.28603324640677136,-0.0013569476377928158,-0.30952289077758,-0.16351239965632666,-0.1603324043152726,0.0558572072257944,0.027376119000307675
-0.003513681094686638,0.1859958331194302,0.09116083345128527,0.003386163289415956,-0.01740135779989554,0.09766699829874383,0.07224026724543305,-0.016113599398339565,0.17298210988623705,-0.0036558423603201074,-0.043023383456956554,0.04389274252051323,-0.02258369225606144,0.010507117367300756,0.26538521651813113,-0.38192221879342536,-0.008358590071905342,0.00731178866135096,0.10673277162068034,-0.3487654552586607,0.004151927142680423,0.004159347869767793,-0.0027622910044849958,-0.42124192109706293,0.07430484672686044,-0.6419365514926414,-0.04332215919770799,0.1672117651007201,0.30144120561925025,0.07012853460574453
0.03502659157187488,0.08433365564623785,0.03502659157187488,0.017684888284704638,-0.013706875714165116,0.02112948432432017,0.22487629908854556,0.008842444142352319,0.15086305540704936,-0.006033955869735598,0.03099393501091202,0.005988204143762443,-0.09577589420880789,0.015416260190224296,-1.6870312546728938,-0.015740514364118552,0.06176043104687762,0.03469420744906815,0.05681202206604985,0.03592812293940456,-0.1596180769981686,-0.072420477645261,-0.07436240257510568,0.028688386676917643,-0.01962601288276733,-0.05082010859533673,-0.01076788723929828,0.0030798790599076975,-0.09762103606543458,-0.02603890435276307
-0.014500035595841785,0.16488544159747426,0.12741069789714018,0.07763795658676956,-0.014678259865861024,0.03927901764255491,0.11110815628081842,-0.008155125654975193,0.04367135058005787,0.025034382157179375,-0.10075637567187967,0.1658891472598962,0.14072869584230957,-0.03827843187121571,-0.8971342989095095,-0.9746352526012523,-0.06341999239848506,-0.07217681101934392,-0.12062384768691752,0.04433902077044943,0.0848546325403271,-0.10245089481993724,-0.04566810909745561,0.01727451220999876,0.009526282316043688,-0.17135119196928128,0.09149536863145402,-0.030320590676325698,0.05269692849308122,0.02381738820671908
-0.011780134553935633,0.2625058518481138,0.05123331876895008,0.015496401972117676,-0.0006248103283037686,0.059312347092486964,0.014348846750584699,0.0009206180013167129,0.2172032848062512,-0.008477381185633544,-0.3116678780030541,0.1343892780898455,-0.012968936785379026,-0.05267903784378003,0.03632633226678597,-0.3378073827317881,-0.5017623704521474,0.012045074026052982,0.053780424513627634,-0.3582197786622488,-0.0007557723580644549,0.005654571778232809,-0.10191874366324888,0.0275922866875698,0.058095353142026684,-0.3533757177068748,-0.14533580164010698,0.2908497374781286,-1.0574125180719727,-0.18282655394914388
-0.0011427580859769357,0.09252190644819047,0.056786245610296424,0.019963943517540213,0.02328582517799153,0.016708698720856806,0.11370527319184168,0.01793323015715931,0.18126039279686343,-0.004571032343907743,-0.27109150782987695,-0.00720084274010252,0.010242642026839888,-0.02429320776130761,-0.008877390525391826,0.10357215306407208,0.13038667155531686,0.06591937436653861,0.08886542852561141,-0.04185209655420696,0.023288594552119957,-0.015998379179687994,0.05768057736903526,0.02087050339769919,-0.12299274183639139,-0.2293792472066311,0.0143098461972882,0.12389249516085835,0.06814961559009954,0.009871573498056951
-0.009615620470521728,0.1302608984881532,0.12408368271476188,0.0585055587063554,0.0006445909908124421,0.0016719616419935365,0.16499596928000862,-0.005909469789008107,0.0858721500064726,-0.0006248103283037686,0.007679890991709903,0.054072499358003956,0.21276546189354478,-0.05039447558444077,-0.17236624769893136,-1.414122434016924,-0.09663846944242738,-3.358137118167037,-0.46662245427092613,-0.29958371643787335,-0.09414206258241947,-0.010469470216052212,0.08758639143092933,-0.35694155301547303,0.026058973053652568,-0.5145424048278784,-0.19553599949567455,-0.04820904153572969,0.05582754435989906,-0.0007557723580644549
0.03236100484515946,0.17449047373796714,0.025206313681349783,0.014596497346436404,-0.007922304621568604,0.017168166980975563,0.11114044952489899,0.03630637776886236,0.12236489688207897,0.006276231916366947,-0.06838702117812456,0.19276400703537933,0.031969880845446,0.03145701039753196,-0.518036858177813,-0.06735830148540947,-0.06787117193332351,0.026031175892108793,0.0028552732093137245,-0.03550464757788063,-0.33097266702327,-0.011890407769726108,0.005806657966270945,-0.00035941165323927216,0.03089712956881513,0.015511202982335881,0.03653582599308286,0.02228523590442094,0.02673565033951586,-0.06850809257273371
-0.009429888046299876,0.13842717325470963,0.18902428178400335,-0.012573184061733165,-0.008423672771228139,-0.0036139348108914374,0.22318828957833517,0.0011958031494452507,0.10724114799466603,-0.0036998412581725356,-0.2887097964173329,-0.07873917583559203,0.037375072328042436,0.058789657033268994,0.03485893816184507,-0.6779912614114976,0.20420778936626724,0.026075085464222464,0.2643101253523854,-0.29185309243276625,0.006136337480068366,-0.041954631110097895,0.17573978947555494,-0.07516291821900023,-0.07055936089830869,-0.29932568589524594,-0.07035318025866355,0.002097962314405899,0.133453472331608,-0.03388008363385492
-0.005086951708579502,0.10908521289190828,0.09222662995175498,0.04100841858005036,0.015742320273404733,0.029502016777315627,0.11370527319184168,0.04326171328122651,0.03963283559056815,0.02328582517799153,0.028795675346845462,-0.028453820135453223,0.005591568911645639,-0.005084182334451071,0.05812630769556684,-0.15977889132269135,0.1034955392678652,-0.018334955814967857,0.09189424582894817,-0.001197707175259799,0.015409936150597936,-0.1200613725479987,-0.03819113248121775,0.007240391218541642,-0.6348944837068534,0.13067481615583146,0.04211198024992591,0.04160420219519395,0.03831047800147075,0.023288594552119957
-0.011693527040153348,0.14869284920766782,0.11114044952489899,0.05293036906944019,0.021938785210596293,0.024921756852596063,0.08280711680642501,0.023478437932085285,0.07378047388644406,0.0,-0.006872282376069627,-0.010042616426435447,0.0337035815285443,-0.34302508893490447,-0.09529683933352433,-0.18347290321364007,-0.1923944285591283,-0.1018315012392813,-0.2299468282418969,-0.2784011928253109,0.027807912653133593,0.015944058800609007,0.17161245509556605,-0.03562658441173028,-0.11937149737914021,-0.05173042155326647,0.0059446379116641634,0.09550064375971817,-0.22192087700339475,0.0
0.045989272073590555,0.062470012231575674,0.06127309303698429,0.06404164846118758,0.0061902386138724536,0.011417609667452802,0.12882029595619918,-0.005086951708579502,0.2038350957795502,-0.025453223544064235,0.05193350068319191,-0.041123571640175716,-0.01610876997620614,0.05547972784907096,-0.04085950916153566,0.037558967040870805,0.03470513609795062,-0.2770112960073715,-0.028305491327072274,-0.5136505095442064,-0.32296035356870223,-0.33158005080996233,-0.0033257700814844915,0.018707844726208733,-0.02931488978436042,-0.23551195309379347,0.03123460431485664,0.038131485565182976,-0.5714003820735316,-0.3253409669931827
0.029681134733194142,0.009540274700696507,0.07393856702089852,0.024545311939943266,0.010251522733625467,0.1034078390466547,0.20346768384592093,0.03456891878836597,0.018196426048585016,-0.008477381185633544,0.016128144558318347,0.10051394398968533,0.0013788948839931758,0.027250996809792816,0.0010454789496102679,0.012429077785869436,0.00954906574530634,0.03882792759461773,0.0715084290974971,-0.32294535046604883,0.015724991597403204,0.04769850317662541,0.34387360000623934,0.03222138372388142,0.20412595162274608,-5.140881014149108,0.024429145353536186,-0.06672501454657914,-0.3495281384088745,-0.18282655394914388
0.004354653228790052,0.16512076035986575,0.1570692191922881,0.011050958334036272,-0.014083997956023593,0.04672357321321317,0.0762665718527617,-0.01587322932659639,0.10519997990907075,0.036003957899909796,-0.015370802788583604,0.17715422867345715,0.17079434608758282,-0.11820781074725534,-0.588733678368462,-0.44827741449219144,0.024047049750137856,-1.4200547247450217,-0.014487036239145074,0.004992873679910692,0.10580289132009338,-0.12072835873636512,-0.06830378338855547,-0.9498911775388748,0.03713295486799828,-0.043875445590302486,-0.23508145597618824,-0.16804502384801745,-0.1584757968275389,0.029945873245784183
-0.0036250088989604463,0.1725790158885801,0.0038146772963783843,0.021916180463681257,-0.028384509455861306,0.10240236256216705,0.17755907223426606,0.0057220159445675765,0.14538607767351822,-0.013706875714165116,-0.2648468472639688,-0.03352472329775935,0.04398670110252295,-0.3462969017530883,0.11098040189876202,0.19698994781702223,0.16679489492129135,0.07043450435425913,-0.05956482059667878,-0.33051142826249136,-0.042195377553478575,0.08532407997885433,0.24770758663488204,0.1582429077418364,-0.3196463496365439,-3.1698818925927688,0.024738924045574706,0.10706093032751884,-1.540347114480033,-0.1596180769981686
0.005050351314136975,0.16285413997213405,0.1142781909037187,0.007871160136702367,-0.011170584926364718,0.05836329872889441,0.15577079750734094,0.017051211795496856,0.01859921548834706,-0.0011427580859769357,-0.021399521394566856,0.035611030397130095,0.04782179239622186,-0.03839288834625659,-0.1448490248124634,-0.06208661792562496,0.06277996996177754,-0.051210283527527045,0.07083495124332517,-0.3683893568682132,-0.0627860752036431,0.01459006320623829,0.2649215111643786,0.0456155036739066,-0.42126777883489086,0.15567654660352517,0.015658367512056015,-0.17701016718702683,-0.00284506116193306,-0.27109150782987695
-0.012064600958577617,0.03033138790269899,0.1866988085141672,0.11532963243551907,0.05865454167998353,0.022319058586016474,0.061884658349731454,-0.0005365795947272787,0.0110196241913833,0.05006498468225048,-0.04336373413074024,-0.13436681664781042,0.23588116807765042,0.014690659377703308,0.02437866688721052,-0.25975353915853183,-0.17550503292074562,-1.3296809083507384,-0.6820279147716471,0.09631912810135579,-0.001988347427607673,0.05865731105411193,0.05816377922415883,0.02232182796014487,-0.02818149126307118,-0.015419401901414276,-0.3004243230438458,0.035033057972219395,0.0030579335553977405,0.05412324069870206
9.51577764170742e-05,0.1413519543575233,0.18032298703603264,-0.017582912502397692,-0.0025865604581962057,0.059234382393406074,0.123710268618127,-0.017814069950666252,0.20082302396293966,9.51577764170742e-05,-0.3327458110995954,0.013658769943742044,0.09082305963817427,-0.21348481409404335,-0.026210074545012008,-0.1425661251107387,0.29549553920453453,-11.007304825174069,0.32330256530913765,0.09189867709961916,-0.00316048284638204,-0.008242402358436152,0.09431152602648246,-0.29559662964257344,-0.38189822721937416,0.17916545860182112,-0.1439587978114502,0.09596745512444319,0.00494892043963341,0.03342660591046864
0.0010117858076150643,0.08922080847033514,0.16383575872447104,0.006942726114794354,0.0011958031494452507,0.1640932866760908,0.017361623203661164,-0.021752917660275106,0.06896848585000548,0.014452053764337084,-0.3424707333897376,0.01769127082240357,0.004847183244787223,-0.3607546144737141,-0.271175629810494,0.09951951631667871,0.0725149326715967,-0.25730491455398874,0.1263680338207025,-0.3645793900385796,0.008974424748913856,0.019863413536614583,-0.017480645284916163,-0.40125379066784006,-0.2118383310809175,-0.35856999455334687,-0.20765391363728555,0.21550483840345527,-0.01807243346382477,-0.3085983086373643
0.029817805021176567,0.02360161342185249,0.06181711367217287,0.10273356960465095,-0.011780134553935633,0.08671232258602249,0.1879387865218294,0.011555943302385593,0.07605074401310684,-0.02002531689937971,-0.09217141116522343,-0.04618008648344263,-0.10387975507591618,0.050914925867305894,0.0021573367715723712,0.008208360320981656,0.04216410883190341,-0.17358674462795254,-0.032961807895861006,-0.25209744243132876,-0.3116678780030541,-0.015335931995911656,0.07013340287775932,0.0529674917237542,-0.37720663745629956,-0.4983119063371776,-0.0663040560540828,0.013066385337647812,0.059439392727492824,-0.043175766574710395
0.007439686195338824,0.02561665938447504,0.09388489106510757,0.009599897910211819,0.05898422679709731,0.05861450428957056,0.062470012231575674,0.008978402336243543,0.1780611210974521,-0.010234634165370413,-0.2924480572537797,0.06660282492792285,-0.12911771238996397,0.08122406316140346,0.03336089937577569,0.036901916853137706,0.04408316197412404,0.028614393603016763,0.16561902087247582,-0.28312329563072275,0.06631905162346308,0.045608865839528445,-0.028128616916668958,-0.08928184134356534,-0.03524028023246947,-0.26115476484060407,0.006767444277039236,0.3546028996351237,-0.4410134815761111,0.09658616714213311
0.02328582517799153,0.053695257692808813,0.1737046445541159,-0.003239980294229687,-0.0036558423603201074,0.024120799582246208,0.15493971771816842,-0.005836645102195089,0.15088724335731288,-0.009429888046299876,0.016357739262715332,0.037022910604375125,0.0746285836350925,0.0036754937963409673,-0.30883094325985183,-0.0703970692627143,0.07834357226225358,-0.5071345337418697,0.17609327618257872,0.020595697358641696,-0.2963790359012547,0.020721524667821623,0.06991209678466775,0.021410050367083544,-0.0032008375738242223,-0.14856826643246135,-0.08375000579394332,0.19334365918883006,-0.8501324805849451,0.07779777408966632
-0.0005365795947272787,0.14202413695864025,0.017051211795496846,0.058581317815309966,-0.025817559701228954,0.13404204047335738,0.1305490013213322,0.025034382157179375,0.08396260030964604,-0.012113735102159075,-0.03399369192133145,-0.0349192072898748,-0.3340817666455906,-0.020915809254421103,-0.7438393712720748,0.174651366917841,0.14186901056581624,0.05001359525163279,-0.019515542579932377,-0.31905308116703074,-0.07655300612283222,0.04207106359702828,0.11134424139201043,-0.08490429078725231,-0.027163466442339426,-1.5155191028297303,-0.04279026957390947,-0.08684525604444118,0.04223992056587639,-0.28510373720326376
0.04159449828699075,0.07758049223722449,0.08541883544579122,-0.014611358297906631,0.006043255577161716,0.036135946727984015,0.1537861946914954,-0.011693527040153348,0.1859958331194302,-0.0006248103283037686,0.03647735679656344,0.04268943929514568,0.006759525169725722,0.12358159913628242,-0.07866377744977263,-0.040495144755534784,0.14122951223074423,0.025693362314586854,0.18749708259753584,-0.03470136213099012,-0.3525702590803048,0.004893522545861118,0.022878091184934668,-0.15874278116303348,-0.015605787270326188,-0.15297871929891108,-0.3299338438485469,0.06750287340273858,0.17319584767199736,-0.0007557723580644549
-0.016612500350979467,0.06818866063516253,0.21868639933798323,0.09190963955547642,-0.008155125654975193,0.03283760993951386,0.14202413695864025,-0.012768603326291419,0.07571499414706191,-0.0025865604581962057,-0.002760568692759313,0.04056959605348448,0.3196860048023968,0.01141837662027495,0.11530173620520084,-0.7980512272523307,-0.34025555877018976,-5.4096891178797755,-0.40367441062435744,0.00864843050321662,-0.2535651558511367,-0.07002161320993366,-0.09563805216683957,-0.3289287903418153,-0.17932661829161695,0.029847411911066712,-0.16351239965632666,-0.17237426633696626,0.0696081544787372,0.0012400907217109958
0.0043693657159203265,0.08948398669643881,0.06749960783484396,0.05467789144006715,0.048499364839161,-0.014841386524034439,0.05642441076773496,0.0419920825945962,0.12646789713910778,0.029501268081297678,-0.33340092370791446,0.013448788521357058,0.005464306724075274,0.0043721350900487455,-0.01079479962852714,-0.6776075803355215,0.08041399025493368,0.029223926336368722,0.06463259827595874,-0.008209281711197502,0.039262510741610857,0.07435060973068386,0.04312898312266478,0.0997087725619904,-0.08491105365186707,0.048184976299288196,-0.013602030768841034,-0.006556989595362384,-0.036524969173598154,0.03174832149909945
