AAA,AAC,AAG,AAT,ACA,ACC,ACG,ACT,AGA,AGC,AGG,ATA,ATC,ATG,CAA,CAC,CAG,CCA,CCC,CCG,CGA,CGC,CTA,CTC,GAA,GAC,GCA,GCC,GGA,GTA,TAA,TCA
0.04854368932038835,0.04854368932038835,0.038834951456310676,0.05825242718446602,0.038834951456310676,0.04854368932038835,0.0,0.019417475728155338,0.02912621359223301,0.02912621359223301,0.038834951456310676,0.02912621359223301,0.019417475728155338,0.06796116504854369,0.038834951456310676,0.019417475728155338,0.05825242718446602,0.05825242718446602,0.02912621359223301,0.0,0.0,0.0,0.0,0.019417475728155338,0.06796116504854369,0.009708737864077669,0.019417475728155338,0.009708737864077669,0.02912621359223301,0.02912621359223301,0.038834951456310676,0.05825242718446602
0.04854368932038835,0.019417475728155338,0.038834951456310676,0.05825242718446602,0.038834951456310676,0.02912621359223301,0.019417475728155338,0.038834951456310676,0.019417475728155338,0.04854368932038835,0.038834951456310676,0.038834951456310676,0.019417475728155338,0.019417475728155338,0.04854368932038835,0.04854368932038835,0.05825242718446602,0.04854368932038835,0.0,0.0,0.009708737864077669,0.0,0.02912621359223301,0.019417475728155338,0.038834951456310676,0.02912621359223301,0.02912621359223301,0.038834951456310676,0.019417475728155338,0.02912621359223301,0.019417475728155338,0.05825242718446602
0.05825242718446602,0.05825242718446602,0.04854368932038835,0.038834951456310676,0.038834951456310676,0.05825242718446602,0.0,0.04854368932038835,0.05825242718446602,0.009708737864077669,0.019417475728155338,0.04854368932038835,0.019417475728155338,0.04854368932038835,0.02912621359223301,0.019417475728155338,0.038834951456310676,0.019417475728155338,0.0,0.019417475728155338,0.0,0.0,0.02912621359223301,0.019417475728155338,0.038834951456310676,0.009708737864077669,0.04854368932038835,0.0,0.0,0.05825242718446602,0.07766990291262135,0.038834951456310676
0.038834951456310676,0.02912621359223301,0.009708737864077669,0.009708737864077669,0.019417475728155338,0.019417475728155338,0.009708737864077669,0.05825242718446602,0.038834951456310676,0.02912621359223301,0.05825242718446602,0.009708737864077669,0.019417475728155338,0.038834951456310676,0.009708737864077669,0.02912621359223301,0.07766990291262135,0.038834951456310676,0.038834951456310676,0.02912621359223301,0.0,0.019417475728155338,0.02912621359223301,0.05825242718446602,0.038834951456310676,0.04854368932038835,0.02912621359223301,0.038834951456310676,0.05825242718446602,0.0,0.0,0.06796116504854369
0.05825242718446602,0.009708737864077669,0.02912621359223301,0.05825242718446602,0.038834951456310676,0.02912621359223301,0.0,0.02912621359223301,0.07766990291262135,0.019417475728155338,0.02912621359223301,0.038834951456310676,0.038834951456310676,0.019417475728155338,0.04854368932038835,0.038834951456310676,0.038834951456310676,0.05825242718446602,0.0,0.009708737864077669,0.009708737864077669,0.0,0.038834951456310676,0.05825242718446602,0.038834951456310676,0.02912621359223301,0.009708737864077669,0.02912621359223301,0.038834951456310676,0.019417475728155338,0.019417475728155338,0.038834951456310676
0.1650485436893204,0.038834951456310676,0.04854368932038835,0.07766990291262135,0.05825242718446602,0.0,0.0,0.019417475728155338,0.038834951456310676,0.009708737864077669,0.02912621359223301,0.07766990291262135,0.02912621359223301,0.038834951456310676,0.05825242718446602,0.019417475728155338,0.009708737864077669,0.009708737864077669,0.0,0.0,0.0,0.0,0.019417475728155338,0.019417475728155338,0.038834951456310676,0.0,0.02912621359223301,0.019417475728155338,0.019417475728155338,0.019417475728155338,0.07766990291262135,0.02912621359223301
0.06796116504854369,0.038834951456310676,0.02912621359223301,0.08737864077669903,0.038834951456310676,0.009708737864077669,0.0,0.02912621359223301,0.04854368932038835,0.02912621359223301,0.0,0.038834951456310676,0.05825242718446602,0.04854368932038835,0.07766990291262135,0.009708737864077669,0.04854368932038835,0.038834951456310676,0.019417475728155338,0.009708737864077669,0.009708737864077669,0.0,0.0,0.02912621359223301,0.04854368932038835,0.009708737864077669,0.02912621359223301,0.019417475728155338,0.019417475728155338,0.019417475728155338,0.019417475728155338,0.06796116504854369
0.04854368932038835,0.02912621359223301,0.08737864077669903,0.019417475728155338,0.009708737864077669,0.02912621359223301,0.0,0.07766990291262135,0.06796116504854369,0.009708737864077669,0.02912621359223301,0.02912621359223301,0.019417475728155338,0.009708737864077669,0.038834951456310676,0.038834951456310676,0.02912621359223301,0.07766990291262135,0.038834951456310676,0.0,0.0,0.0,0.019417475728155338,0.04854368932038835,0.06796116504854369,0.02912621359223301,0.0,0.009708737864077669,0.05825242718446602,0.019417475728155338,0.02912621359223301,0.02912621359223301
0.10679611650485436,0.07766990291262135,0.038834951456310676,0.038834951456310676,0.06796116504854369,0.02912621359223301,0.0,0.05825242718446602,0.02912621359223301,0.0,0.038834951456310676,0.019417475728155338,0.009708737864077669,0.009708737864077669,0.04854368932038835,0.038834951456310676,0.038834951456310676,0.038834951456310676,0.0,0.0,0.009708737864077669,0.009708737864077669,0.02912621359223301,0.019417475728155338,0.04854368932038835,0.019417475728155338,0.019417475728155338,0.009708737864077669,0.038834951456310676,0.019417475728155338,0.06796116504854369,0.019417475728155338
0.0,0.019417475728155338,0.02912621359223301,0.0,0.02912621359223301,0.05825242718446602,0.009708737864077669,0.019417475728155338,0.019417475728155338,0.02912621359223301,0.07766990291262135,0.0,0.04854368932038835,0.02912621359223301,0.02912621359223301,0.05825242718446602,0.07766990291262135,0.07766990291262135,0.02912621359223301,0.02912621359223301,0.0,0.019417475728155338,0.0,0.038834951456310676,0.019417475728155338,0.019417475728155338,0.04854368932038835,0.05825242718446602,0.06796116504854369,0.019417475728155338,0.0,0.038834951456310676
0.06796116504854369,0.019417475728155338,0.009708737864077669,0.019417475728155338,0.019417475728155338,0.019417475728155338,0.02912621359223301,0.0,0.009708737864077669,0.05825242718446602,0.02912621359223301,0.009708737864077669,0.009708737864077669,0.05825242718446602,0.02912621359223301,0.02912621359223301,0.04854368932038835,0.05825242718446602,0.0970873786407767,0.038834951456310676,0.019417475728155338,0.04854368932038835,0.009708737864077669,0.02912621359223301,0.019417475728155338,0.019417475728155338,0.06796116504854369,0.07766990291262135,0.02912621359223301,0.0,0.0,0.019417475728155338
0.13592233009708737,0.05825242718446602,0.02912621359223301,0.038834951456310676,0.038834951456310676,0.02912621359223301,0.02912621359223301,0.06796116504854369,0.0,0.0,0.0,0.038834951456310676,0.019417475728155338,0.05825242718446602,0.04854368932038835,0.019417475728155338,0.009708737864077669,0.05825242718446602,0.019417475728155338,0.009708737864077669,0.019417475728155338,0.0,0.009708737864077669,0.019417475728155338,0.019417475728155338,0.02912621359223301,0.009708737864077669,0.0,0.038834951456310676,0.05825242718446602,0.05825242718446602,0.02912621359223301
0.038834951456310676,0.04854368932038835,0.02912621359223301,0.0,0.04854368932038835,0.06796116504854369,0.0,0.038834951456310676,0.038834951456310676,0.009708737864077669,0.04854368932038835,0.019417475728155338,0.0,0.02912621359223301,0.02912621359223301,0.05825242718446602,0.05825242718446602,0.05825242718446602,0.06796116504854369,0.009708737864077669,0.019417475728155338,0.009708737864077669,0.019417475728155338,0.038834951456310676,0.02912621359223301,0.04854368932038835,0.02912621359223301,0.02912621359223301,0.019417475728155338,0.0,0.019417475728155338,0.038834951456310676
0.08737864077669903,0.08737864077669903,0.04854368932038835,0.038834951456310676,0.07766990291262135,0.02912621359223301,0.0,0.02912621359223301,0.06796116504854369,0.009708737864077669,0.02912621359223301,0.009708737864077669,0.009708737864077669,0.02912621359223301,0.0970873786407767,0.019417475728155338,0.019417475728155338,0.02912621359223301,0.009708737864077669,0.0,0.0,0.0,0.019417475728155338,0.04854368932038835,0.06796116504854369,0.019417475728155338,0.0,0.009708737864077669,0.019417475728155338,0.009708737864077669,0.019417475728155338,0.05825242718446602
0.009708737864077669,0.0,0.02912621359223301,0.07766990291262135,0.04854368932038835,0.009708737864077669,0.019417475728155338,0.06796116504854369,0.019417475728155338,0.019417475728155338,0.019417475728155338,0.038834951456310676,0.009708737864077669,0.04854368932038835,0.02912621359223301,0.038834951456310676,0.04854368932038835,0.04854368932038835,0.038834951456310676,0.009708737864077669,0.009708737864077669,0.0,0.04854368932038835,0.0,0.02912621359223301,0.038834951456310676,0.04854368932038835,0.02912621359223301,0.02912621359223301,0.06796116504854369,0.04854368932038835,0.019417475728155338
0.0,0.019417475728155338,0.0,0.0,0.02912621359223301,0.04854368932038835,0.019417475728155338,0.009708737864077669,0.02912621359223301,0.08737864077669903,0.038834951456310676,0.009708737864077669,0.019417475728155338,0.04854368932038835,0.019417475728155338,0.038834951456310676,0.08737864077669903,0.06796116504854369,0.07766990291262135,0.009708737864077669,0.009708737864077669,0.038834951456310676,0.009708737864077669,0.06796116504854369,0.0,0.038834951456310676,0.038834951456310676,0.04854368932038835,0.02912621359223301,0.0,0.0,0.05825242718446602
0.009708737864077669,0.02912621359223301,0.0,0.038834951456310676,0.038834951456310676,0.019417475728155338,0.0,0.04854368932038835,0.05825242718446602,0.0,0.02912621359223301,0.019417475728155338,0.06796116504854369,0.04854368932038835,0.019417475728155338,0.038834951456310676,0.05825242718446602,0.04854368932038835,0.02912621359223301,0.02912621359223301,0.019417475728155338,0.009708737864077669,0.019417475728155338,0.05825242718446602,0.038834951456310676,0.009708737864077669,0.05825242718446602,0.019417475728155338,0.06796116504854369,0.02912621359223301,0.009708737864077669,0.02912621359223301
0.1262135922330097,0.019417475728155338,0.05825242718446602,0.05825242718446602,0.02912621359223301,0.02912621359223301,0.0,0.04854368932038835,0.04854368932038835,0.019417475728155338,0.009708737864077669,0.019417475728155338,0.038834951456310676,0.019417475728155338,0.06796116504854369,0.019417475728155338,0.02912621359223301,0.06796116504854369,0.02912621359223301,0.0,0.0,0.0,0.009708737864077669,0.02912621359223301,0.038834951456310676,0.02912621359223301,0.0,0.0,0.04854368932038835,0.038834951456310676,0.02912621359223301,0.038834951456310676
0.04854368932038835,0.02912621359223301,0.038834951456310676,0.019417475728155338,0.038834951456310676,0.009708737864077669,0.019417475728155338,0.05825242718446602,0.05825242718446602,0.05825242718446602,0.009708737864077669,0.009708737864077669,0.02912621359223301,0.019417475728155338,0.02912621359223301,0.038834951456310676,0.04854368932038835,0.009708737864077669,0.02912621359223301,0.02912621359223301,0.009708737864077669,0.0,0.04854368932038835,0.04854368932038835,0.038834951456310676,0.009708737864077669,0.05825242718446602,0.019417475728155338,0.019417475728155338,0.04854368932038835,0.02912621359223301,0.038834951456310676
0.02912621359223301,0.04854368932038835,0.019417475728155338,0.019417475728155338,0.05825242718446602,0.04854368932038835,0.019417475728155338,0.02912621359223301,0.04854368932038835,0.019417475728155338,0.009708737864077669,0.0,0.05825242718446602,0.05825242718446602,0.04854368932038835,0.07766990291262135,0.02912621359223301,0.05825242718446602,0.04854368932038835,0.0,0.009708737864077669,0.009708737864077669,0.0,0.05825242718446602,0.02912621359223301,0.02912621359223301,0.009708737864077669,0.0,0.02912621359223301,0.0,0.009708737864077669,0.08737864077669903
0.04854368932038835,0.019417475728155338,0.04854368932038835,0.02912621359223301,0.06796116504854369,0.0,0.038834951456310676,0.02912621359223301,0.038834951456310676,0.0,0.04854368932038835,0.009708737864077669,0.038834951456310676,0.05825242718446602,0.04854368932038835,0.04854368932038835,0.038834951456310676,0.02912621359223301,0.0,0.0,0.038834951456310676,0.0,0.009708737864077669,0.019417475728155338,0.04854368932038835,0.04854368932038835,0.05825242718446602,0.04854368932038835,0.02912621359223301,0.019417475728155338,0.0,0.038834951456310676
0.009708737864077669,0.038834951456310676,0.038834951456310676,0.038834951456310676,0.02912621359223301,0.07766990291262135,0.0,0.0,0.02912621359223301,0.02912621359223301,0.05825242718446602,0.009708737864077669,0.019417475728155338,0.02912621359223301,0.04854368932038835,0.02912621359223301,0.05825242718446602,0.07766990291262135,0.06796116504854369,0.02912621359223301,0.009708737864077669,0.0,0.009708737864077669,0.009708737864077669,0.038834951456310676,0.038834951456310676,0.02912621359223301,0.038834951456310676,0.04854368932038835,0.0,0.038834951456310676,0.019417475728155338
0.009708737864077669,0.019417475728155338,0.038834951456310676,0.009708737864077669,0.07766990291262135,0.009708737864077669,0.0,0.02912621359223301,0.02912621359223301,0.06796116504854369,0.009708737864077669,0.06796116504854369,0.04854368932038835,0.08737864077669903,0.04854368932038835,0.0,0.04854368932038835,0.04854368932038835,0.009708737864077669,0.0,0.02912621359223301,0.02912621359223301,0.02912621359223301,0.019417475728155338,0.009708737864077669,0.06796116504854369,0.02912621359223301,0.009708737864077669,0.038834951456310676,0.02912621359223301,0.009708737864077669,0.038834951456310676
0.0,0.009708737864077669,0.038834951456310676,0.009708737864077669,0.019417475728155338,0.038834951456310676,0.009708737864077669,0.038834951456310676,0.02912621359223301,0.038834951456310676,0.038834951456310676,0.02912621359223301,0.04854368932038835,0.04854368932038835,0.019417475728155338,0.019417475728155338,0.05825242718446602,0.04854368932038835,0.05825242718446602,0.02912621359223301,0.038834951456310676,0.0,0.019417475728155338,0.02912621359223301,0.038834951456310676,0.04854368932038835,0.019417475728155338,0.038834951456310676,0.038834951456310676,0.02912621359223301,0.0,0.06796116504854369
0.05825242718446602,0.0,0.04854368932038835,0.07766990291262135,0.02912621359223301,0.019417475728155338,0.0,0.009708737864077669,0.038834951456310676,0.05825242718446602,0.04854368932038835,0.038834951456310676,0.0,0.0970873786407767,0.009708737864077669,0.009708737864077669,0.019417475728155338,0.038834951456310676,0.02912621359223301,0.0,0.0,0.0,0.04854368932038835,0.02912621359223301,0.04854368932038835,0.02912621359223301,0.02912621359223301,0.02912621359223301,0.038834951456310676,0.019417475728155338,0.06796116504854369,0.02912621359223301
0.10679611650485436,0.038834951456310676,0.04854368932038835,0.07766990291262135,0.05825242718446602,0.0,0.0,0.04854368932038835,0.038834951456310676,0.05825242718446602,0.019417475728155338,0.009708737864077669,0.019417475728155338,0.009708737864077669,0.07766990291262135,0.02912621359223301,0.02912621359223301,0.0,0.0,0.0,0.0,0.0,0.04854368932038835,0.038834951456310676,0.05825242718446602,0.009708737864077669,0.019417475728155338,0.009708737864077669,0.009708737864077669,0.02912621359223301,0.02912621359223301,0.07766990291262135
0.0,0.019417475728155338,0.02912621359223301,0.0,0.0,0.019417475728155338,0.019417475728155338,0.0,0.019417475728155338,0.02912621359223301,0.07766990291262135,0.0,0.04854368932038835,0.009708737864077669,0.02912621359223301,0.009708737864077669,0.04854368932038835,0.05825242718446602,0.07766990291262135,0.06796116504854369,0.038834951456310676,0.10679611650485436,0.0,0.04854368932038835,0.019417475728155338,0.009708737864077669,0.019417475728155338,0.1262135922330097,0.04854368932038835,0.0,0.0,0.019417475728155338
0.0970873786407767,0.019417475728155338,0.06796116504854369,0.02912621359223301,0.019417475728155338,0.019417475728155338,0.038834951456310676,0.02912621359223301,0.07766990291262135,0.019417475728155338,0.02912621359223301,0.02912621359223301,0.02912621359223301,0.02912621359223301,0.04854368932038835,0.019417475728155338,0.019417475728155338,0.038834951456310676,0.019417475728155338,0.0,0.0,0.0,0.02912621359223301,0.04854368932038835,0.038834951456310676,0.04854368932038835,0.009708737864077669,0.009708737864077669,0.038834951456310676,0.019417475728155338,0.02912621359223301,0.04854368932038835
0.02912621359223301,0.0,0.038834951456310676,0.009708737864077669,0.019417475728155338,0.019417475728155338,0.038834951456310676,0.038834951456310676,0.04854368932038835,0.009708737864077669,0.04854368932038835,0.0,0.04854368932038835,0.019417475728155338,0.02912621359223301,0.06796116504854369,0.019417475728155338,0.05825242718446602,0.019417475728155338,0.04854368932038835,0.02912621359223301,0.019417475728155338,0.009708737864077669,0.07766990291262135,0.009708737864077669,0.02912621359223301,0.02912621359223301,0.05825242718446602,0.07766990291262135,0.019417475728155338,0.009708737864077669,0.019417475728155338
0.0970873786407767,0.04854368932038835,0.05825242718446602,0.038834951456310676,0.05825242718446602,0.009708737864077669,0.0,0.038834951456310676,0.02912621359223301,0.04854368932038835,0.009708737864077669,0.07766990291262135,0.02912621359223301,0.06796116504854369,0.05825242718446602,0.0,0.019417475728155338,0.038834951456310676,0.0,0.0,0.0,0.0,0.019417475728155338,0.02912621359223301,0.019417475728155338,0.019417475728155338,0.009708737864077669,0.019417475728155338,0.019417475728155338,0.038834951456310676,0.05825242718446602,0.038834951456310676
0.038834951456310676,0.009708737864077669,0.04854368932038835,0.038834951456310676,0.019417475728155338,0.02912621359223301,0.038834951456310676,0.019417475728155338,0.06796116504854369,0.0,0.02912621359223301,0.0,0.04854368932038835,0.06796116504854369,0.038834951456310676,0.038834951456310676,0.038834951456310676,0.06796116504854369,0.038834951456310676,0.009708737864077669,0.009708737864077669,0.0,0.019417475728155338,0.009708737864077669,0.05825242718446602,0.038834951456310676,0.05825242718446602,0.019417475728155338,0.04854368932038835,0.019417475728155338,0.0,0.02912621359223301
0.1553398058252427,0.019417475728155338,0.08737864077669903,0.05825242718446602,0.05825242718446602,0.009708737864077669,0.009708737864077669,0.02912621359223301,0.08737864077669903,0.009708737864077669,0.0,0.04854368932038835,0.009708737864077669,0.038834951456310676,0.02912621359223301,0.019417475728155338,0.0,0.0,0.0,0.009708737864077669,0.038834951456310676,0.0,0.019417475728155338,0.019417475728155338,0.07766990291262135,0.02912621359223301,0.009708737864077669,0.0,0.0,0.04854368932038835,0.05825242718446602,0.019417475728155338
0.06796116504854369,0.02912621359223301,0.05825242718446602,0.05825242718446602,0.019417475728155338,0.009708737864077669,0.0,0.06796116504854369,0.05825242718446602,0.02912621359223301,0.019417475728155338,0.04854368932038835,0.019417475728155338,0.02912621359223301,0.038834951456310676,0.009708737864077669,0.05825242718446602,0.019417475728155338,0.0,0.0,0.0,0.0,0.04854368932038835,0.019417475728155338,0.07766990291262135,0.009708737864077669,0.02912621359223301,0.019417475728155338,0.009708737864077669,0.04854368932038835,0.02912621359223301,0.06796116504854369
0.019417475728155338,0.038834951456310676,0.009708737864077669,0.019417475728155338,0.04854368932038835,0.019417475728155338,0.009708737864077669,0.038834951456310676,0.02912621359223301,0.038834951456310676,0.02912621359223301,0.009708737864077669,0.019417475728155338,0.04854368932038835,0.038834951456310676,0.04854368932038835,0.08737864077669903,0.038834951456310676,0.02912621359223301,0.02912621359223301,0.0,0.038834951456310676,0.009708737864077669,0.02912621359223301,0.02912621359223301,0.02912621359223301,0.0970873786407767,0.038834951456310676,0.038834951456310676,0.0,0.0,0.038834951456310676
0.06796116504854369,0.04854368932038835,0.08737864077669903,0.019417475728155338,0.05825242718446602,0.019417475728155338,0.0,0.06796116504854369,0.05825242718446602,0.038834951456310676,0.009708737864077669,0.009708737864077669,0.009708737864077669,0.038834951456310676,0.04854368932038835,0.019417475728155338,0.04854368932038835,0.038834951456310676,0.009708737864077669,0.0,0.0,0.0,0.009708737864077669,0.02912621359223301,0.04854368932038835,0.02912621359223301,0.019417475728155338,0.019417475728155338,0.009708737864077669,0.038834951456310676,0.05825242718446602,0.038834951456310676
0.06796116504854369,0.009708737864077669,0.04854368932038835,0.08737864077669903,0.04854368932038835,0.009708737864077669,0.009708737864077669,0.038834951456310676,0.05825242718446602,0.02912621359223301,0.0,0.019417475728155338,0.019417475728155338,0.04854368932038835,0.038834951456310676,0.02912621359223301,0.038834951456310676,0.02912621359223301,0.019417475728155338,0.0,0.009708737864077669,0.019417475728155338,0.019417475728155338,0.02912621359223301,0.04854368932038835,0.02912621359223301,0.04854368932038835,0.0,0.019417475728155338,0.038834951456310676,0.05825242718446602,0.02912621359223301
0.0,0.019417475728155338,0.02912621359223301,0.0,0.04854368932038835,0.04854368932038835,0.07766990291262135,0.019417475728155338,0.0,0.04854368932038835,0.038834951456310676,0.0,0.009708737864077669,0.009708737864077669,0.02912621359223301,0.11650485436893204,0.038834951456310676,0.05825242718446602,0.04854368932038835,0.04854368932038835,0.0,0.009708737864077669,0.009708737864077669,0.02912621359223301,0.009708737864077669,0.019417475728155338,0.05825242718446602,0.05825242718446602,0.02912621359223301,0.038834951456310676,0.009708737864077669,0.038834951456310676
0.02912621359223301,0.019417475728155338,0.038834951456310676,0.009708737864077669,0.04854368932038835,0.04854368932038835,0.019417475728155338,0.02912621359223301,0.02912621359223301,0.038834951456310676,0.038834951456310676,0.009708737864077669,0.019417475728155338,0.019417475728155338,0.02912621359223301,0.06796116504854369,0.05825242718446602,0.05825242718446602,0.06796116504854369,0.02912621359223301,0.019417475728155338,0.009708737864077669,0.019417475728155338,0.019417475728155338,0.038834951456310676,0.019417475728155338,0.05825242718446602,0.02912621359223301,0.038834951456310676,0.02912621359223301,0.0,0.009708737864077669
0.06796116504854369,0.02912621359223301,0.038834951456310676,0.019417475728155338,0.009708737864077669,0.038834951456310676,0.009708737864077669,0.08737864077669903,0.05825242718446602,0.009708737864077669,0.02912621359223301,0.02912621359223301,0.038834951456310676,0.009708737864077669,0.019417475728155338,0.019417475728155338,0.07766990291262135,0.04854368932038835,0.009708737864077669,0.0,0.009708737864077669,0.0,0.019417475728155338,0.04854368932038835,0.04854368932038835,0.0,0.038834951456310676,0.009708737864077669,0.02912621359223301,0.08737864077669903,0.019417475728155338,0.038834951456310676
0.08737864077669903,0.04854368932038835,0.02912621359223301,0.009708737864077669,0.04854368932038835,0.02912621359223301,0.0,0.05825242718446602,0.019417475728155338,0.009708737864077669,0.038834951456310676,0.019417475728155338,0.038834951456310676,0.02912621359223301,0.02912621359223301,0.06796116504854369,0.05825242718446602,0.04854368932038835,0.02912621359223301,0.0,0.009708737864077669,0.009708737864077669,0.009708737864077669,0.02912621359223301,0.02912621359223301,0.009708737864077669,0.04854368932038835,0.02912621359223301,0.02912621359223301,0.009708737864077669,0.038834951456310676,0.04854368932038835
0.038834951456310676,0.009708737864077669,0.04854368932038835,0.0,0.02912621359223301,0.05825242718446602,0.009708737864077669,0.04854368932038835,0.07766990291262135,0.019417475728155338,0.05825242718446602,0.009708737864077669,0.009708737864077669,0.019417475728155338,0.009708737864077669,0.05825242718446602,0.07766990291262135,0.02912621359223301,0.02912621359223301,0.009708737864077669,0.0,0.0,0.019417475728155338,0.04854368932038835,0.04854368932038835,0.06796116504854369,0.038834951456310676,0.019417475728155338,0.02912621359223301,0.009708737864077669,0.0,0.06796116504854369
0.04854368932038835,0.019417475728155338,0.019417475728155338,0.038834951456310676,0.02912621359223301,0.019417475728155338,0.019417475728155338,0.019417475728155338,0.038834951456310676,0.038834951456310676,0.05825242718446602,0.019417475728155338,0.02912621359223301,0.019417475728155338,0.019417475728155338,0.038834951456310676,0.07766990291262135,0.02912621359223301,0.07766990291262135,0.019417475728155338,0.0,0.0,0.0,0.05825242718446602,0.02912621359223301,0.009708737864077669,0.06796116504854369,0.02912621359223301,0.05825242718446602,0.019417475728155338,0.019417475728155338,0.02912621359223301
0.009708737864077669,0.019417475728155338,0.019417475728155338,0.0,0.009708737864077669,0.05825242718446602,0.019417475728155338,0.009708737864077669,0.009708737864077669,0.038834951456310676,0.04854368932038835,0.0,0.04854368932038835,0.06796116504854369,0.019417475728155338,0.038834951456310676,0.04854368932038835,0.07766990291262135,0.07766990291262135,0.04854368932038835,0.009708737864077669,0.019417475728155338,0.009708737864077669,0.02912621359223301,0.019417475728155338,0.02912621359223301,0.038834951456310676,0.05825242718446602,0.06796116504854369,0.009708737864077669,0.0,0.038834951456310676
0.05825242718446602,0.05825242718446602,0.02912621359223301,0.038834951456310676,0.04854368932038835,0.019417475728155338,0.009708737864077669,0.038834951456310676,0.038834951456310676,0.009708737864077669,0.038834951456310676,0.038834951456310676,0.02912621359223301,0.05825242718446602,0.02912621359223301,0.02912621359223301,0.05825242718446602,0.02912621359223301,0.009708737864077669,0.0,0.0,0.009708737864077669,0.009708737864077669,0.02912621359223301,0.05825242718446602,0.019417475728155338,0.04854368932038835,0.009708737864077669,0.038834951456310676,0.009708737864077669,0.038834951456310676,0.05825242718446602
0.019417475728155338,0.0,0.019417475728155338,0.009708737864077669,0.0,0.0,0.019417475728155338,0.019417475728155338,0.02912621359223301,0.038834951456310676,0.06796116504854369,0.019417475728155338,0.009708737864077669,0.019417475728155338,0.019417475728155338,0.019417475728155338,0.02912621359223301,0.04854368932038835,0.13592233009708737,0.05825242718446602,0.019417475728155338,0.05825242718446602,0.0,0.10679611650485436,0.009708737864077669,0.0,0.02912621359223301,0.0970873786407767,0.06796116504854369,0.019417475728155338,0.0,0.009708737864077669
0.05825242718446602,0.05825242718446602,0.04854368932038835,0.04854368932038835,0.05825242718446602,0.0,0.038834951456310676,0.04854368932038835,0.04854368932038835,0.019417475728155338,0.009708737864077669,0.02912621359223301,0.009708737864077669,0.009708737864077669,0.06796116504854369,0.02912621359223301,0.04854368932038835,0.009708737864077669,0.009708737864077669,0.009708737864077669,0.019417475728155338,0.019417475728155338,0.009708737864077669,0.02912621359223301,0.06796116504854369,0.038834951456310676,0.02912621359223301,0.009708737864077669,0.019417475728155338,0.019417475728155338,0.019417475728155338,0.05825242718446602
0.0,0.02912621359223301,0.009708737864077669,0.0,0.02912621359223301,0.02912621359223301,0.038834951456310676,0.019417475728155338,0.009708737864077669,0.038834951456310676,0.05825242718446602,0.009708737864077669,0.019417475728155338,0.04854368932038835,0.019417475728155338,0.06796116504854369,0.05825242718446602,0.038834951456310676,0.05825242718446602,0.04854368932038835,0.009708737864077669,0.019417475728155338,0.009708737864077669,0.04854368932038835,0.019417475728155338,0.019417475728155338,0.08737864077669903,0.06796116504854369,0.04854368932038835,0.0,0.0,0.038834951456310676
0.019417475728155338,0.02912621359223301,0.04854368932038835,0.009708737864077669,0.04854368932038835,0.02912621359223301,0.009708737864077669,0.009708737864077669,0.02912621359223301,0.08737864077669903,0.038834951456310676,0.0,0.02912621359223301,0.038834951456310676,0.04854368932038835,0.02912621359223301,0.04854368932038835,0.07766990291262135,0.038834951456310676,0.019417475728155338,0.019417475728155338,0.009708737864077669,0.0,0.06796116504854369,0.019417475728155338,0.009708737864077669,0.009708737864077669,0.05825242718446602,0.04854368932038835,0.019417475728155338,0.019417475728155338,0.02912621359223301
0.08737864077669903,0.0,0.07766990291262135,0.05825242718446602,0.02912621359223301,0.009708737864077669,0.009708737864077669,0.009708737864077669,0.05825242718446602,0.02912621359223301,0.04854368932038835,0.02912621359223301,0.05825242718446602,0.04854368932038835,0.02912621359223301,0.019417475728155338,0.009708737864077669,0.019417475728155338,0.05825242718446602,0.0,0.0,0.009708737864077669,0.038834951456310676,0.019417475728155338,0.02912621359223301,0.019417475728155338,0.019417475728155338,0.019417475728155338,0.038834951456310676,0.019417475728155338,0.06796116504854369,0.02912621359223301
0.019417475728155338,0.05825242718446602,0.019417475728155338,0.009708737864077669,0.02912621359223301,0.04854368932038835,0.02912621359223301,0.019417475728155338,0.04854368932038835,0.05825242718446602,0.04854368932038835,0.0,0.0,0.02912621359223301,0.038834951456310676,0.038834951456310676,0.08737864077669903,0.019417475728155338,0.02912621359223301,0.009708737864077669,0.02912621359223301,0.009708737864077669,0.0,0.06796116504854369,0.04854368932038835,0.038834951456310676,0.07766990291262135,0.009708737864077669,0.019417475728155338,0.0,0.0,0.05825242718446602
0.0,0.009708737864077669,0.05825242718446602,0.009708737864077669,0.019417475728155338,0.02912621359223301,0.02912621359223301,0.019417475728155338,0.019417475728155338,0.038834951456310676,0.05825242718446602,0.0,0.019417475728155338,0.009708737864077669,0.019417475728155338,0.038834951456310676,0.038834951456310676,0.02912621359223301,0.019417475728155338,0.08737864077669903,0.019417475728155338,0.07766990291262135,0.0,0.038834951456310676,0.04854368932038835,0.019417475728155338,0.04854368932038835,0.06796116504854369,0.07766990291262135,0.02912621359223301,0.009708737864077669,0.009708737864077669
0.02912621359223301,0.0,0.07766990291262135,0.038834951456310676,0.019417475728155338,0.0,0.0,0.019417475728155338,0.038834951456310676,0.06796116504854369,0.04854368932038835,0.04854368932038835,0.02912621359223301,0.05825242718446602,0.06796116504854369,0.009708737864077669,0.038834951456310676,0.04854368932038835,0.009708737864077669,0.0,0.0,0.0,0.019417475728155338,0.038834951456310676,0.02912621359223301,0.009708737864077669,0.08737864077669903,0.05825242718446602,0.038834951456310676,0.019417475728155338,0.02912621359223301,0.019417475728155338
0.009708737864077669,0.019417475728155338,0.009708737864077669,0.0,0.019417475728155338,0.038834951456310676,0.04854368932038835,0.019417475728155338,0.009708737864077669,0.02912621359223301,0.07766990291262135,0.0,0.0,0.0,0.009708737864077669,0.02912621359223301,0.07766990291262135,0.06796116504854369,0.10679611650485436,0.04854368932038835,0.0,0.038834951456310676,0.0,0.04854368932038835,0.009708737864077669,0.02912621359223301,0.02912621359223301,0.0970873786407767,0.05825242718446602,0.04854368932038835,0.009708737864077669,0.009708737864077669
0.038834951456310676,0.009708737864077669,0.05825242718446602,0.0,0.038834951456310676,0.04854368932038835,0.0,0.019417475728155338,0.038834951456310676,0.04854368932038835,0.08737864077669903,0.0,0.019417475728155338,0.019417475728155338,0.038834951456310676,0.04854368932038835,0.05825242718446602,0.02912621359223301,0.019417475728155338,0.019417475728155338,0.0,0.009708737864077669,0.019417475728155338,0.06796116504854369,0.02912621359223301,0.02912621359223301,0.04854368932038835,0.02912621359223301,0.05825242718446602,0.019417475728155338,0.0,0.04854368932038835
0.009708737864077669,0.009708737864077669,0.019417475728155338,0.009708737864077669,0.019417475728155338,0.04854368932038835,0.02912621359223301,0.02912621359223301,0.02912621359223301,0.038834951456310676,0.019417475728155338,0.02912621359223301,0.02912621359223301,0.009708737864077669,0.019417475728155338,0.06796116504854369,0.04854368932038835,0.08737864077669903,0.02912621359223301,0.04854368932038835,0.019417475728155338,0.07766990291262135,0.019417475728155338,0.02912621359223301,0.019417475728155338,0.038834951456310676,0.019417475728155338,0.06796116504854369,0.038834951456310676,0.009708737864077669,0.0,0.02912621359223301
0.06796116504854369,0.019417475728155338,0.04854368932038835,0.019417475728155338,0.04854368932038835,0.009708737864077669,0.02912621359223301,0.019417475728155338,0.05825242718446602,0.019417475728155338,0.038834951456310676,0.0,0.038834951456310676,0.019417475728155338,0.038834951456310676,0.06796116504854369,0.06796116504854369,0.06796116504854369,0.0,0.009708737864077669,0.009708737864077669,0.009708737864077669,0.0,0.02912621359223301,0.05825242718446602,0.019417475728155338,0.04854368932038835,0.05825242718446602,0.04854368932038835,0.0,0.0,0.02912621359223301
0.06796116504854369,0.019417475728155338,0.05825242718446602,0.038834951456310676,0.009708737864077669,0.0,0.019417475728155338,0.038834951456310676,0.05825242718446602,0.06796116504854369,0.009708737864077669,0.04854368932038835,0.05825242718446602,0.05825242718446602,0.02912621359223301,0.0,0.06796116504854369,0.019417475728155338,0.0,0.0,0.0,0.0,0.019417475728155338,0.02912621359223301,0.05825242718446602,0.019417475728155338,0.038834951456310676,0.009708737864077669,0.019417475728155338,0.02912621359223301,0.019417475728155338,0.08737864077669903
0.04854368932038835,0.05825242718446602,0.04854368932038835,0.038834951456310676,0.038834951456310676,0.04854368932038835,0.0,0.038834951456310676,0.038834951456310676,0.0,0.038834951456310676,0.038834951456310676,0.019417475728155338,0.019417475728155338,0.06796116504854369,0.02912621359223301,0.02912621359223301,0.07766990291262135,0.04854368932038835,0.019417475728155338,0.0,0.0,0.009708737864077669,0.02912621359223301,0.019417475728155338,0.019417475728155338,0.009708737864077669,0.04854368932038835,0.02912621359223301,0.019417475728155338,0.04854368932038835,0.019417475728155338
