Zcurve48_AA.x	Zcurve48_AA.y	Zcurve48_AA.z	Zcurve48_AC.x	Zcurve48_AC.y	Zcurve48_AC.z	Zcurve48_AG.x	Zcurve48_AG.y	Zcurve48_AG.z	Zcurve48_AT.x	Zcurve48_AT.y	Zcurve48_AT.z	Zcurve48_CA.x	Zcurve48_CA.y	Zcurve48_CA.z	Zcurve48_CC.x	Zcurve48_CC.y	Zcurve48_CC.z	Zcurve48_CG.x	Zcurve48_CG.y	Zcurve48_CG.z	Zcurve48_CT.x	Zcurve48_CT.y	Zcurve48_CT.z	Zcurve48_GA.x	Zcurve48_GA.y	Zcurve48_GA.z	Zcurve48_GC.x	Zcurve48_GC.y	Zcurve48_GC.z	Zcurve48_GG.x	Zcurve48_GG.y	Zcurve48_GG.z	Zcurve48_GT.x	Zcurve48_GT.y	Zcurve48_GT.z	Zcurve48_TA.x	Zcurve48_TA.y	Zcurve48_TA.z	Zcurve48_TC.x	Zcurve48_TC.y	Zcurve48_TC.z	Zcurve48_TG.x	Zcurve48_TG.y	Zcurve48_TG.z	Zcurve48_TT.x	Zcurve48_TT.y	Zcurve48_TT.z
0.0	0.0	0.0	0.0	0.0	0.0	0.0	0.0	0.0	0.0	0.0	0.0	0.0	0.0	0.0	0.0	0.0	0.0	0.0	0.0	0.0	0.0	0.0	0.0	0.0	0.0	0.0	0.0	0.0	0.0	0.0097087378640776	-0.0097087378640776	-0.0097087378640776	0.0	0.0	0.0	0.0	0.0	0.0	0.0	0.0	0.0	0.0	0.0	0.0	0.0097087378640776	0.0097087378640777	-0.0097087378640777
0.0097087378640776	0.0	0.0	-0.0097087378640777	0.029126213592233	0.0097087378640777	0.0	0.0	0.0	0.0	0.0	0.0	-0.0097087378640777	0.0097087378640776	-0.0097087378640776	0.0	0.0	0.0	0.0097087378640777	-0.0097087378640777	0.0097087378640777	0.0	0.0	0.0	0.0	0.0	0.0	0.0097087378640777	-0.0097087378640777	0.0097087378640777	0.0	0.0	0.0	0.0	0.0	0.0	0.0	0.0	0.0	0.0	0.0	0.0	0.0	0.0	0.0	0.0	0.0	0.0
0.0194174757281553	0.0	0.0	0.0	0.0	0.0	0.0	0.0	0.0	0.0	0.0	0.0	0.0	0.0	0.0	0.0194174757281552	0.0	-0.0194174757281552	0.0097087378640776	-0.0097087378640776	-0.0097087378640776	-0.0097087378640777	0.0097087378640777	0.0097087378640776	0.0	0.0	0.0	0.0	0.0	0.0	-0.0097087378640777	-0.0097087378640777	0.0097087378640777	0.0	0.0	0.0	0.0	0.0	0.0	0.0	0.0	0.0	0.0097087378640776	0.0097087378640776	-0.0097087378640776	0.0	0.0	0.0
0.0194174757281553	0.0097087378640776	-0.0097087378640777	0.0	0.0	0.0	0.0	0.0	0.0	0.0	0.0	0.0	0.0097087378640776	0.0097087378640776	0.0097087378640776	0.0	0.0	0.0	-0.0097087378640777	-0.0097087378640776	-0.0097087378640777	0.0	0.0	0.0	0.0097087378640777	-0.0097087378640776	0.0097087378640777	0.0	0.0	0.0	0.0	0.0	0.0	0.0	0.0	0.0	0.0	0.0	0.0	0.0	0.0194174757281553	0.0194174757281553	0.0	0.0	0.0	0.0	0.0	0.0
0.0	0.0	0.0	0.0	0.0	0.0	0.0	0.0	0.0	0.0	-0.0194174757281553	0.0194174757281553	0.0	0.0	0.0	0.0097087378640776	0.0097087378640776	-0.009708737864077603	0.0	0.0	0.0	0.0	0.0	0.0	0.0	0.0	0.0	0.0	0.0	0.0	0.0	0.0	0.0	0.0	0.0	0.0	0.0	0.0	0.0	0.0	-0.0194174757281553	0.0194174757281553	0.0	0.0	0.0	-0.0097087378640777	0.0097087378640776	-0.0097087378640776
0.058252427184466	0.0	0.0	0.0097087378640777	0.029126213592233	0.029126213592233	0.0	0.0	0.0	0.0	0.0	0.0	-0.0097087378640777	0.0097087378640777	-0.0097087378640777	0.0	0.0	0.0	0.0097087378640776	-0.0097087378640776	0.0097087378640776	0.0	0.0	0.0	0.0	0.0	0.0	-0.0097087378640777	-0.0097087378640776	-0.0097087378640777	0.0	0.0	0.0	0.0	0.0	0.0	0.0	0.0	0.0	0.0	0.0	0.0	0.0	0.0	0.0	0.0	0.0	0.0
-0.029126213592233	0.0	0.0	0.0097087378640777	-0.0097087378640776	0.0097087378640776	0.0	0.0	0.0	0.0	0.0	0.0	0.0	0.0	0.0	0.0	0.0	0.0	0.0	0.0	0.0	0.0	0.0	0.0	0.0	0.0	0.0	-0.0097087378640776	0.0097087378640777	-0.0097087378640777	0.0	0.0	0.0	0.0	0.0	0.0	0.0097087378640777	-0.0097087378640776	0.0097087378640777	0.0	0.0	0.0	-0.0097087378640777	0.0097087378640776	-0.0097087378640777	0.0	-0.0194174757281554	-0.0194174757281552
0.029126213592233	0.0	0.0	0.0	-0.0194174757281553	0.0194174757281553	0.0	0.0	0.0	0.0	0.0	0.0	0.0	0.0	0.0	0.0097087378640777	0.0097087378640777	-0.0097087378640776	0.0	0.0	0.0	-0.0194174757281553	0.0	0.0194174757281554	0.0	0.0	0.0	0.0	0.0	0.0	0.0	0.0	0.0	0.0	0.0	0.0	0.0	0.0	0.0	0.0	0.0	0.0	0.0	0.0	0.0	0.0097087378640777	-0.0097087378640776	-0.0097087378640777
0.0	0.0	0.0	-0.0097087378640777	-0.0097087378640777	-0.0097087378640777	0.0	0.0	0.0	0.0	0.0	0.0	0.0097087378640777	-0.0097087378640776	0.0097087378640776	0.0	0.0	0.0	-0.0097087378640776	0.0097087378640776	-0.0097087378640776	0.0	0.0	0.0	0.0	0.0	0.0	0.0097087378640777	0.0097087378640777	0.0097087378640777	0.0	0.0	0.0	0.0	0.0	0.0	0.0	0.0	0.0	0.0	-0.0194174757281553	-0.0194174757281553	0.0	0.0	0.0	0.0	0.0	0.0
0.0194174757281553	0.0	0.0	0.0	0.0	0.0	0.0	0.0	0.0	-0.0097087378640776	0.0097087378640776	-0.0097087378640776	-0.0097087378640777	-0.0097087378640777	0.0097087378640776	0.0	0.0	0.0	0.0097087378640776	0.0097087378640777	-0.0097087378640777	0.0	0.0	0.0	0.0	0.0	0.0	0.0	0.0	0.0	0.0	0.0	0.0	0.0097087378640776	-0.0097087378640777	0.0097087378640777	0.0	0.0	0.0	0.0	0.0194174757281554	0.0194174757281552	0.0	0.0	0.0	0.0	0.0	0.0
0.0	0.0	0.0	0.0	0.0	0.0	0.0	0.0	0.0	0.0	0.0	0.0	0.0	0.0	0.0	-0.0097087378640776	0.0097087378640776	0.0097087378640777	0.0	0.0	0.0	0.0	0.0	0.0	0.0	0.0	0.0	0.0	0.0	0.0	0.0	0.0	0.0	0.0	0.0	0.0	0.0	0.0	0.0	0.0194174757281552	-0.0194174757281554	0.0	0.0	0.0	0.0	-0.0097087378640777	-0.0097087378640777	0.0097087378640777
0.0485436893203883	0.0	0.0	0.0097087378640777	-0.0097087378640776	-0.0097087378640777	0.0	0.0	0.0	-0.0097087378640777	0.0097087378640777	0.0097087378640776	0.0	0.0	0.0	0.0	0.0	0.0	0.0097087378640776	-0.0097087378640776	-0.0097087378640777	0.0	0.0	0.0	0.0	0.0	0.0	0.0	0.0	0.0	0.0	0.0	0.0	0.0	0.0	0.0	0.0	0.0194174757281554	-0.0194174757281554	0.0	0.0	0.0	-0.0097087378640777	0.0097087378640777	0.0097087378640776	0.0	0.0	0.0
0.0097087378640776	0.0	0.0	0.0	-0.0194174757281554	0.0194174757281553	0.0	0.0	0.0	0.0	0.0	0.0	0.0	0.0	0.0	0.0097087378640776	0.009708737864077707	-0.0097087378640776	0.0	0.0	0.0	0.0	-0.0194174757281553	0.0194174757281553	0.0	0.0	0.0	0.0	0.0	0.0	0.0	0.0	0.0	0.0	0.0	0.0	0.0	0.0	0.0	0.0	0.0	0.0	0.0	0.0	0.0	-0.0097087378640776	0.0097087378640776	-0.0097087378640776
0.0194174757281553	0.0	0.0	0.0	0.0	0.0	0.0	0.0	0.0	0.0	0.0	0.0	0.0	0.0	0.0	0.0	0.0	0.0	0.0	0.0	0.0	-0.0097087378640777	0.0097087378640777	-0.0097087378640776	0.0	0.0	0.0	0.0	0.0	0.0	0.0	0.0	0.0	-0.0097087378640777	0.0097087378640777	0.0097087378640777	0.0	0.0	0.0	-0.0097087378640777	-0.0097087378640777	0.009708737864077707	0.0097087378640776	0.0097087378640776	-0.0097087378640777	0.0	0.0	0.0
-0.0097087378640776	0.0	0.0	0.0097087378640777	-0.0097087378640777	-0.0097087378640777	0.0	0.0	0.0	-0.0097087378640777	0.009708737864077693	0.0097087378640776	0.0	0.0	0.0	0.0	0.0	0.0	0.0097087378640777	-0.0097087378640776	-0.0097087378640776	0.0	0.0	0.0	0.0	0.0	0.0	0.0	0.0	0.0	0.0	0.0	0.0	0.0	0.0	0.0	0.0	0.0194174757281554	-0.0194174757281552	0.0	0.0	0.0	-0.0097087378640776	0.0097087378640776	0.0097087378640777	0.0	0.0	0.0
-0.0194174757281553	0.0	0.0	-0.0097087378640776	-0.0097087378640777	0.0097087378640777	0.0	0.0	0.0	0.0	0.0	0.0	-0.0097087378640777	0.0097087378640776	-0.0097087378640777	0.0	0.0	0.0	0.0097087378640777	-0.0097087378640776	0.0097087378640776	0.0	0.0	0.0	0.0	0.0	0.0	0.0097087378640777	0.0097087378640776	-0.0097087378640777	0.0	0.0	0.0	0.0	0.0	0.0	0.0	0.0	0.0	0.0	0.0194174757281554	0.0194174757281553	0.0	0.0	0.0	0.0	0.0	0.0
-0.029126213592233	0.0	0.0	0.0097087378640777	0.0097087378640776	0.0097087378640777	0.0	0.0	0.0	-0.0097087378640776	-0.0097087378640776	-0.0097087378640777	-0.0097087378640777	0.0097087378640777	-0.0097087378640776	0.0	0.0	0.0	0.0	0.0	0.0	0.0	0.0	0.0	0.0	0.0	0.0	0.0	0.0	0.0	0.0	0.0	0.0	0.0	0.0	0.0	0.0097087378640777	0.0097087378640776	-0.0097087378640777	0.0	0.0	0.0	0.0	0.0	0.0	0.0	0.0	0.0
0.0970873786407767	0.0	0.0	0.0	0.0	0.0	0.0	0.0	0.0	0.0	0.0	0.0	-0.0097087378640776	0.0097087378640776	0.0097087378640777	0.0	0.0	0.0	0.0	0.0	0.0	0.0	0.0	0.0	0.0	0.0	0.0	-0.0097087378640776	-0.0097087378640776	-0.0097087378640777	0.0	-0.0194174757281554	0.0194174757281554	0.0097087378640776	0.0097087378640777	0.0097087378640776	0.0097087378640776	-0.0097087378640777	-0.0097087378640777	0.0	0.0	0.0	0.0	0.0	0.0	0.0	0.0	0.0
0.029126213592233	0.0	0.0	0.0	0.0	0.0	0.0	0.0	0.0	0.0	0.0	0.0	0.0	0.0	0.0	0.0097087378640777	-0.0097087378640776	-0.0097087378640776	0.0	0.0194174757281554	0.0194174757281552	0.0	0.0	0.0	0.0	0.0	0.0	0.0	0.0	0.0	-0.0097087378640776	-0.0097087378640776	-0.0097087378640777	0.0	0.0	0.0	0.0	0.0	0.0	-0.0194174757281553	0.0194174757281553	0.0	0.0	0.0	0.0	0.0	0.0	0.0
-0.0194174757281553	0.0097087378640777	0.0097087378640776	0.0	0.0	0.0	0.0	0.0	0.0	0.0	0.0	0.0	0.0	0.0	0.0	0.0	0.0	0.0	0.0	0.0	0.0	0.0	0.0	0.0	0.0097087378640777	-0.0097087378640776	-0.0097087378640776	0.0	0.0	0.0	0.0	0.0	0.0	0.0	0.0	0.0	-0.0097087378640776	-0.0097087378640776	-0.0097087378640776	0.0	0.0	0.0	0.0097087378640777	0.0097087378640776	0.0097087378640777	0.0	-0.0194174757281552	-0.0194174757281552
0.0388349514563106	0.0	0.0	0.0	0.0	0.0	0.0	0.0	0.0	0.0	0.0	0.0	0.0	0.0	0.0	0.0	0.0	0.0	0.0	0.0	0.0	-0.0194174757281553	0.0	0.0194174757281553	0.0	0.0	0.0	0.0	0.0	0.0	0.0097087378640777	-0.0097087378640777	0.0097087378640777	0.0	0.0	0.0	0.0	0.0	0.0	0.0	0.0	0.0	-0.0194174757281553	0.0194174757281553	0.0	0.0097087378640776	-0.0097087378640777	-0.0097087378640777
0.0	0.0	0.0	0.0	0.0	0.0	0.0	0.0	0.0	-0.0097087378640776	-0.0097087378640777	0.0097087378640776	-0.0097087378640777	-0.0097087378640776	0.0097087378640777	0.0	0.0	0.0	0.0097087378640777	0.0097087378640777	-0.0097087378640777	0.0	0.0	0.0	0.0	0.0	0.0	0.0	0.0194174757281553	0.0194174757281553	0.0	0.0	0.0	0.0097087378640777	0.0097087378640776	-0.0097087378640776	0.0	0.0	0.0	0.0	0.0	0.0	0.0	0.0	0.0	0.0	0.0	0.0
0.0	0.0	0.0	0.0	0.0	0.0	0.0097087378640777	-0.0097087378640777	0.0097087378640777	0.0	0.0	0.0	0.0	0.0	0.0	0.0	0.0	0.0	0.0	0.0	0.0	0.0	-0.0194174757281552	-0.0194174757281552	0.0	0.0	0.0	0.0	0.0	0.0	-0.0097087378640776	0.0097087378640777	-0.0097087378640777	0.0	0.0	0.0	-0.0097087378640777	0.0097087378640776	0.0097087378640777	0.0	0.0	0.0	0.0097087378640777	-0.0097087378640776	-0.0097087378640777	0.0	0.0	0.0
0.0097087378640776	0.0	0.0	0.0	0.0	0.0	0.0	0.0	0.0	0.0	0.0	0.0	-0.0097087378640776	-0.0097087378640777	0.0097087378640776	-0.0097087378640777	0.029126213592233	0.0097087378640777	-0.0097087378640777	-0.0097087378640777	-0.0097087378640777	0.0	0.0	0.0	0.0097087378640777	0.0097087378640777	-0.0097087378640776	0.0	0.0	0.0	0.0	0.0	0.0	0.0	0.0	0.0	0.0	0.0	0.0	0.0	0.0	0.0	0.0	0.0	0.0	0.0	0.0	0.0
0.0388349514563106	0.0	0.0	0.0	0.0194174757281552	0.0194174757281552	0.0	0.0	0.0	-0.0097087378640776	-0.009708737864077707	0.0097087378640777	-0.0097087378640777	-0.0097087378640777	0.0097087378640777	0.0	0.0	0.0	0.0097087378640776	0.0097087378640776	-0.0097087378640776	0.0	0.0	0.0	0.0	0.0	0.0	0.0	0.0	0.0	0.0	0.0	0.0	0.0097087378640776	0.0097087378640776	-0.0097087378640776	0.0	0.0	0.0	0.0	0.0	0.0	0.0	0.0	0.0	0.0	0.0	0.0
0.0194174757281553	0.0	0.0	0.0	0.0	0.0	-0.0097087378640777	-0.0097087378640777	0.0097087378640777	0.0	0.0	0.0	0.0	0.0	0.0	0.0	0.0	0.0	0.0097087378640776	0.0097087378640776	-0.0097087378640776	0.0194174757281553	0.0	0.0194174757281553	0.0	0.0	0.0	0.0	0.0	0.0	0.0	0.0	0.0	0.0	0.0	0.0	0.0097087378640776	-0.0097087378640776	-0.0097087378640777	-0.0097087378640776	0.0097087378640776	0.0097087378640777	0.0	0.0	0.0	0.0	0.0	0.0
0.0	0.0	0.0	0.0	0.0	0.0	0.0	0.0	0.0	-0.0097087378640776	0.0097087378640776	-0.0097087378640777	0.0	0.0	0.0	0.0	0.0	0.0	0.0194174757281553	0.0	0.0194174757281554	0.0097087378640777	-0.0097087378640776	0.0097087378640777	-0.0097087378640776	-0.0097087378640777	0.0097087378640776	0.0097087378640776	0.0097087378640777	-0.009708737864077596	0.0	0.0	0.0	0.0	0.0	0.0	0.0	0.0	0.0	0.0	0.0	0.0	0.0	0.0	0.0	0.0	0.0	0.0
0.0388349514563106	0.0	0.0	0.0	0.0	0.0	0.0	0.0	0.0	0.0	0.0	0.0	0.0	0.0	0.0	0.0	0.0	0.0	0.0	0.0	0.0	-0.029126213592233	0.0097087378640777	0.0097087378640777	0.0	0.0	0.0	0.0	0.0	0.0	0.0	0.0	0.0	0.0097087378640777	0.0097087378640776	-0.0097087378640776	0.0	0.0	0.0	-0.0097087378640777	-0.0097087378640776	0.0097087378640777	0.0097087378640777	0.0097087378640776	-0.0097087378640776	0.0	0.0	0.0
0.0194174757281553	0.0	0.0	0.0	0.0	0.0	0.0	0.0	0.0	0.0	0.0	0.0	0.0	0.0	0.0	0.0	0.0	0.0	0.0097087378640777	-0.0097087378640776	0.0097087378640777	0.0	0.0	0.0	0.0	0.0	0.0	0.0	0.0	0.0	0.0	0.0	0.0	0.0	0.0	0.0	0.0	0.0	0.0	-0.0097087378640777	0.0097087378640777	0.0097087378640777	-0.0097087378640776	0.0097087378640776	-0.0097087378640776	0.0097087378640776	-0.029126213592233	0.0097087378640776
-0.0194174757281553	0.0097087378640776	0.0097087378640777	0.0	0.0	0.0	-0.0194174757281552	0.0	0.0194174757281552	0.0	0.0	0.0	0.0	0.0	0.0	0.0	0.0	0.0	0.0	0.0	0.0	0.0	0.0	0.0	0.0	0.0	0.0	0.0	0.0	0.0	0.0097087378640776	0.0097087378640777	-0.0097087378640777	0.0	0.0	0.0	0.0	0.0	0.0	0.0	0.0	0.0	0.0	0.0	0.0	0.0	0.0	0.0
0.0388349514563106	0.0	0.0	0.0097087378640776	0.0097087378640776	-0.0097087378640776	0.0	0.0	0.0	-0.0097087378640777	-0.0097087378640777	0.0097087378640777	0.0	0.0	0.0	0.0	0.0	0.0	0.0	0.0	0.0	0.0097087378640777	-0.0097087378640776	0.0097087378640776	0.0	-0.0194174757281553	0.0194174757281553	0.0	0.0	0.0	0.0	0.0	0.0	0.0	0.0	0.0	0.0	0.0	0.0	0.0	0.0	0.0	0.0	0.0	0.0	-0.0097087378640777	0.0097087378640776	-0.0097087378640777
-0.0388349514563106	0.0	0.0	0.0	0.0	0.0	0.0	0.0	0.0	0.0097087378640776	-0.0097087378640777	0.0097087378640777	0.0097087378640777	0.0097087378640776	-0.0097087378640776	0.0	-0.0194174757281552	-0.0194174757281552	-0.0097087378640777	-0.0097087378640777	0.0097087378640777	0.0	0.0	0.0	0.0	0.0	0.0	0.0	0.0	0.0	0.0	0.0	0.0	-0.0097087378640776	0.0097087378640777	-0.0097087378640777	0.0	0.0	0.0	0.0	0.0	0.0	0.0	0.0	0.0	0.0	0.0	0.0
0.0485436893203883	-0.029126213592233	-0.0097087378640777	0.0097087378640777	-0.0097087378640777	0.0097087378640777	-0.0097087378640776	0.0097087378640777	-0.009708737864077707	0.0	0.0	0.0	0.0	0.0	0.0	0.0	0.0	0.0	0.0	0.0	0.0	0.0	0.0	0.0	0.0	0.0	0.0	-0.0097087378640777	0.0097087378640777	-0.0097087378640776	0.0	0.0	0.0	0.0	0.0	0.0	0.0	0.0	0.0	0.0	0.0	0.0	0.0	0.0	0.0	0.0	0.0	0.0
-0.0388349514563106	-0.0194174757281553	0.0194174757281553	-0.0097087378640777	0.0097087378640777	0.0097087378640777	0.0	0.0	0.0	0.0097087378640776	-0.0097087378640777	-0.0097087378640777	0.0	0.0	0.0	0.0	0.0	0.0	0.0097087378640776	0.0097087378640777	-0.0097087378640777	0.0	0.0	0.0	0.0	0.0	0.0	0.0	0.0	0.0	0.0	0.0	0.0	0.0	0.0	0.0	0.0	0.0	0.0	0.0	0.0	0.0	-0.0097087378640777	-0.0097087378640776	0.0097087378640777	0.0	0.0	0.0
0.029126213592233	0.0	0.0	-0.0097087378640777	-0.0097087378640776	0.0097087378640776	0.0	0.0	0.0	0.0	0.0	0.0	-0.0097087378640777	0.0097087378640777	-0.0097087378640776	0.0	0.0	0.0	0.0097087378640776	-0.0097087378640776	0.0097087378640776	0.0	0.0	0.0	0.0	0.0	0.0	0.0097087378640777	0.0097087378640777	-0.0097087378640777	0.0	0.0	0.0	0.0	0.0	0.0	0.0	0.0	0.0	0.0	0.0194174757281554	0.0194174757281554	0.0	0.0	0.0	0.0	0.0	0.0
-0.0194174757281553	0.0194174757281553	0.038834951456310704	0.0	0.0	0.0	-0.0097087378640776	-0.0097087378640777	-0.0097087378640776	0.0	0.0	0.0	0.0	0.0	0.0	0.0	0.0	0.0	0.0	0.0	0.0	0.0	0.0	0.0	0.0097087378640777	0.0097087378640777	-0.0097087378640776	0.0	0.0	0.0	0.0	0.0	0.0	0.0	0.0	0.0	0.0	0.0	0.0	0.0	0.0	0.0	0.0	0.0	0.0	0.0	0.0	0.0
0.0194174757281553	0.0194174757281553	-0.0194174757281553	0.009708737864077603	-0.0097087378640777	-0.0097087378640777	0.0	0.0	0.0	-0.0097087378640776	0.0097087378640776	0.0097087378640777	0.0	0.0	0.0	0.0	0.0	0.0	0.0097087378640777	-0.0097087378640777	-0.0097087378640776	0.0	0.0	0.0	0.0	0.0	0.0	0.0	0.0	0.0	0.0	0.0	0.0	0.0	0.0	0.0	0.0	0.0	0.0	0.0	0.0	0.0	-0.0097087378640777	0.0097087378640777	0.0097087378640777	0.0	0.0	0.0
0.0	0.0	0.0	0.0	0.0	0.0	0.0	0.0	0.0	0.0	0.0	0.0	-0.0097087378640776	-0.0097087378640776	0.0097087378640776	0.0	0.0	0.0	0.0	0.0	0.0	0.0	0.0	0.0	0.0097087378640777	0.0097087378640777	-0.0097087378640777	0.0097087378640777	0.0097087378640776	0.0097087378640777	-0.029126213592233	0.0097087378640776	-0.0097087378640776	0.0	0.0	0.0	0.0	0.0	0.0	0.0	0.0	0.0	0.0	0.0	0.0	0.0	0.0	0.0
-0.0194174757281553	0.0097087378640777	-0.0097087378640776	0.0	0.0	0.0	-0.0097087378640777	-0.0097087378640776	0.0097087378640777	-0.0097087378640777	0.0097087378640777	0.0097087378640776	0.0	-0.0194174757281554	-0.0194174757281553	0.0	0.0	0.0	0.0	0.0	0.0	0.0	0.0	0.0	0.0	0.0	0.0	0.0	0.0	0.0	0.0	0.0	0.0	0.0097087378640776	-0.0097087378640776	-0.0097087378640777	0.0	0.0	0.0	0.0	0.0	0.0	0.0	0.0	0.0	0.0	0.0	0.0
0.058252427184466	0.0	0.0	0.0	0.0	0.0	-0.0097087378640776	-0.0097087378640777	0.0097087378640777	0.0	0.0	0.0	0.0097087378640777	-0.0097087378640777	-0.0097087378640776	0.0	0.0194174757281552	0.0194174757281553	-0.0097087378640777	0.0097087378640776	0.0097087378640776	0.0	0.0	0.0	0.0	0.0	0.0	0.0	0.0	0.0	0.0097087378640777	0.0097087378640776	-0.0097087378640777	0.0	0.0	0.0	0.0	0.0	0.0	0.0	0.0	0.0	0.0	0.0	0.0	0.0	0.0	0.0
0.0097087378640776	0.0	0.0	-0.0097087378640777	0.0291262135922329	0.0097087378640777	0.0	0.0	0.0	0.0	0.0	0.0	-0.0097087378640777	0.0097087378640776	-0.0097087378640777	0.0	0.0	0.0	0.0097087378640777	-0.0097087378640776	0.0097087378640776	0.0	0.0	0.0	0.0	0.0	0.0	0.0097087378640776	-0.0097087378640777	0.0097087378640777	0.0	0.0	0.0	0.0	0.0	0.0	0.0	0.0	0.0	0.0	0.0	0.0	0.0	0.0	0.0	0.0	0.0	0.0
0.0194174757281553	0.0	0.0	0.0	0.0194174757281552	0.0194174757281552	-0.0097087378640777	-0.0097087378640776	0.0097087378640777	0.0	0.0	0.0	0.0097087378640777	-0.0097087378640776	-0.0097087378640776	0.0	0.0	0.0	-0.0097087378640777	0.0097087378640777	0.0097087378640777	0.0	0.0	0.0	0.0	0.0	0.0	0.0	0.0	0.0	0.0097087378640776	0.0097087378640776	-0.0097087378640777	0.0	0.0	0.0	0.0	0.0	0.0	0.0	0.0	0.0	0.0	0.0	0.0	0.0	0.0	0.0
0.0097087378640776	0.0	0.0	0.0	0.0	0.0	0.0	0.0	0.0	0.0	0.0	0.0	0.0	0.0	0.0	0.0097087378640777	-0.009708737864077603	-0.0097087378640777	0.0097087378640777	-0.0097087378640776	-0.0097087378640777	-0.0097087378640777	0.0097087378640777	0.0097087378640777	0.0	0.0	0.0	0.0	0.0	0.0	0.0	0.0	0.0	0.0	0.0	0.0	0.0	0.0	0.0	0.0	0.0194174757281553	-0.0194174757281553	-0.0097087378640776	0.0097087378640777	0.0097087378640777	0.0	0.0	0.0
0.0097087378640776	0.0	0.0	-0.0097087378640776	-0.0097087378640777	0.0097087378640776	0.0	0.0	0.0	0.0097087378640776	0.0097087378640777	-0.0097087378640776	0.0	0.0194174757281553	-0.0194174757281553	0.0	0.0	0.0	0.0	0.0	0.0	0.0097087378640777	-0.0097087378640777	-0.0097087378640777	0.0	0.0	0.0	0.0	0.0	0.0	0.0	0.0	0.0	0.0	0.0	0.0	0.0	0.0	0.0	0.0	0.0	0.0	0.0	0.0	0.0	-0.0097087378640776	0.0097087378640777	0.0097087378640777
0.0194174757281553	0.0	0.0	-0.0097087378640777	0.0097087378640777	0.0097087378640777	0.0	0.0	0.0	0.0097087378640776	-0.0097087378640777	-0.0097087378640776	0.0	0.0	0.0	0.0	0.0	0.0	0.0097087378640777	-0.0097087378640777	0.0097087378640777	0.0	0.0	0.0	0.0	0.0	0.0	0.0	0.0	0.0	0.0	0.0	0.0	0.0	0.0	0.0	0.0	-0.0194174757281553	0.0194174757281553	0.0	0.0	0.0	-0.0097087378640776	0.0097087378640776	-0.0097087378640776	0.0	0.0	0.0
0.0	0.0	0.0	0.0097087378640777	-0.0097087378640776	-0.0097087378640777	0.0	0.0	0.0	-0.0097087378640777	0.0097087378640777	0.0097087378640777	0.0	0.0	0.0	0.0	0.0	0.0	-0.0097087378640776	-0.0097087378640776	0.0097087378640776	0.0	0.0	0.0	0.0	0.0194174757281554	-0.0194174757281552	0.0	0.0	0.0	0.0	0.0	0.0	0.0	0.0	0.0	0.0	0.0	0.0	0.0	0.0	0.0	0.0097087378640776	0.0097087378640777	-0.0097087378640777	0.0	0.0	0.0
-0.0194174757281553	0.0097087378640777	-0.0097087378640777	-0.0097087378640777	-0.0097087378640776	0.0097087378640777	0.0097087378640777	-0.0097087378640777	0.0097087378640777	0.0	0.0	0.0	0.0	0.0194174757281553	0.0194174757281553	0.0	0.0	0.0	0.0	0.0	0.0	0.0	0.0	0.0	0.0	0.0	0.0	0.0097087378640777	0.0097087378640777	-0.0097087378640777	0.0	0.0	0.0	0.0	0.0	0.0	0.0	0.0	0.0	0.0	0.0	0.0	0.0	0.0	0.0	0.0	0.0	0.0
0.029126213592233	0.0	0.0	0.0	0.0	0.0	0.0	0.0	0.0	0.0	0.0	0.0	0.0097087378640776	-0.0097087378640776	0.0097087378640777	0.0	0.0	0.0	0.0	-0.0194174757281552	0.0194174757281552	0.0	0.0	0.0	0.0	0.0	0.0	-0.0097087378640777	-0.0097087378640777	-0.0097087378640776	0.0	0.0	0.0	0.0097087378640776	0.0097087378640777	0.0097087378640776	-0.0097087378640776	0.0097087378640777	-0.0097087378640776	0.0	0.0	0.0	0.0	0.0	0.0	0.0	0.0	0.0
0.0194174757281553	0.0097087378640776	0.0097087378640776	0.0	0.0194174757281552	0.0194174757281552	0.0	0.0	0.0	0.0	0.0	0.0	0.0097087378640776	0.0097087378640777	0.0097087378640777	0.0	0.0	0.0	-0.0097087378640776	-0.0097087378640777	-0.0097087378640776	0.0	0.0	0.0	-0.0097087378640776	-0.0097087378640776	-0.0097087378640776	0.0	0.0	0.0	0.0	0.0	0.0	0.0	0.0	0.0	0.0	0.0	0.0	0.0	0.0	0.0	0.0	0.0	0.0	0.0	0.0	0.0
-0.029126213592233	0.0	0.0	0.0	0.0	0.0	0.0	0.0	0.0	0.0	0.0	0.0	0.0	0.0	0.0	0.0	0.0	0.0	0.0	0.0	0.0	-0.0194174757281553	0.0	0.0194174757281554	0.0	0.0	0.0	-0.0097087378640777	0.0097087378640776	0.0097087378640777	0.0	0.0	0.0	0.0	0.0	0.0	0.0	0.0	0.0	0.0097087378640777	-0.0097087378640777	-0.0097087378640777	0.0097087378640777	-0.0097087378640777	0.0097087378640777	-0.0097087378640776	0.0097087378640776	-0.0097087378640777
0.0388349514563106	0.0	0.0	0.0097087378640776	-0.0097087378640776	0.0097087378640777	0.0	0.0	0.0	-0.0097087378640777	0.0097087378640776	-0.0097087378640776	0.0	-0.0194174757281552	0.0194174757281554	0.0097087378640777	-0.0097087378640776	0.0097087378640776	0.0	0.0	0.0	0.0	0.0	0.0	0.0	0.0	0.0	0.0	0.0	0.0	0.0	0.0	0.0	0.0	0.0	0.0	0.0	0.0	0.0	-0.0097087378640777	0.0097087378640777	-0.0097087378640777	0.0	0.0	0.0	0.0	0.0	0.0
0.029126213592233	0.009708737864077603	0.0097087378640776	0.0	0.0	0.0	0.0	0.0	0.0	0.0	0.0	0.0	0.0097087378640776	0.0097087378640777	0.0097087378640777	0.0	0.0	0.0	-0.0097087378640776	-0.0097087378640776	-0.0097087378640776	0.0	0.0	0.0	-0.0097087378640777	-0.0097087378640777	-0.0097087378640776	0.0	0.0194174757281552	0.0194174757281553	0.0	0.0	0.0	0.0	0.0	0.0	0.0	0.0	0.0	0.0	0.0	0.0	0.0	0.0	0.0	0.0	0.0	0.0
0.0	0.0	0.0	0.0	0.0	0.0	0.0	0.0	0.0	0.0	0.0	0.0	0.0	0.0	0.0	0.0	0.0	0.0	0.0	0.0	0.0	0.0	0.0	0.0	0.0	0.0	0.0	0.0097087378640777	-0.0097087378640777	0.009708737864077603	-0.0097087378640776	-0.0097087378640777	0.029126213592233	-0.0097087378640777	0.0097087378640777	-0.0097087378640777	0.0	0.0	0.0	-0.0097087378640776	0.0097087378640777	-0.0097087378640777	0.0	0.0	0.0	0.0	0.0	0.0
0.087378640776699	0.0	0.0	0.0	0.0	0.0	0.0	0.0	0.0	0.0	0.0	0.0	0.0097087378640776	0.0097087378640776	0.0097087378640776	0.0	0.0	0.0	0.0	0.0	0.0	0.0	0.0	0.0	0.0	0.0	0.0	0.0	0.0	0.0	0.0	0.0	0.0	0.0	0.0	0.0	-0.0097087378640777	-0.0097087378640777	-0.0097087378640777	0.0097087378640777	0.0097087378640777	0.0097087378640777	0.0	0.0	0.0	-0.0097087378640776	0.0097087378640776	-0.0291262135922329
0.0097087378640776	-0.0097087378640776	-0.029126213592233	0.0	0.0	0.0	-0.0097087378640777	-0.0097087378640776	0.0097087378640777	-0.0097087378640776	0.0097087378640776	0.0097087378640776	0.0	0.0	0.0	0.0	0.0	0.0	0.0	0.0	0.0	0.0	0.0	0.0	0.0	0.0	0.0	0.0	0.0	0.0	0.0	0.0	0.0	0.0097087378640777	-0.0097087378640777	-0.0097087378640777	0.0	0.0	0.0	0.0	0.0	0.0	0.0	0.0	0.0	0.0	0.0	0.0
0.029126213592233	0.0	0.0	0.0	0.0	0.0	0.0	0.0	0.0	0.0	0.0	0.0	0.0	0.0	0.0	0.0097087378640776	0.0097087378640777	-0.0097087378640777	0.0	0.0	0.0	0.0	0.0	0.0	0.0	0.0	0.0	0.0	0.0	0.0	0.0	0.0	0.0	0.0	-0.0194174757281553	0.019417475728155303	0.0	0.0	0.0	0.0	-0.0194174757281552	0.0194174757281554	0.0	0.0	0.0	-0.0097087378640777	0.0097087378640777	-0.0097087378640777
0.0485436893203883	0.0194174757281554	-0.0194174757281552	0.0097087378640776	-0.0097087378640776	-0.0097087378640777	0.0	0.0	0.0	-0.0097087378640776	0.0097087378640777	0.0097087378640777	0.0	0.0	0.0	0.0	0.0	0.0	-0.0097087378640776	-0.0097087378640776	0.0097087378640776	0.0	0.0	0.0	0.0	0.0	0.0	0.0	0.0	0.0	0.0	0.0	0.0	0.0	0.0	0.0	0.0	0.0	0.0	0.0	0.0	0.0	0.0097087378640777	0.0097087378640777	-0.0097087378640777	0.0	0.0	0.0
-0.0097087378640776	0.0	0.0	0.0	0.0	0.0	-0.0097087378640777	0.0097087378640777	0.0097087378640777	0.0	0.0	0.0	-0.0097087378640777	0.0097087378640777	0.0097087378640776	0.0	-0.0194174757281552	-0.0194174757281554	0.0097087378640776	-0.0097087378640776	-0.0097087378640776	0.0	0.0	0.0	0.0	0.0	0.0	0.0	0.0	0.0	0.0097087378640777	-0.0097087378640776	-0.0097087378640776	0.0	0.0	0.0	0.0	0.0	0.0	0.0	0.0	0.0	0.0	0.0	0.0	0.0	0.0	0.0
