NMBroto_Twist.lag1,NMBroto_Twist.lag2,NMBroto_Twist.lag3,NMBroto_Tilt.lag1,NMBroto_Tilt.lag2,NMBroto_Tilt.lag3,NMBroto_Roll.lag1,NMBroto_Roll.lag2,NMBroto_Roll.lag3,NMBroto_Shift.lag1,NMBroto_Shift.lag2,NMBroto_Shift.lag3,NMBroto_Slide.lag1,NMBroto_Slide.lag2,NMBroto_Slide.lag3,NMBroto_Rise.lag1,NMBroto_Rise.lag2,NMBroto_Rise.lag3
-0.1270441512749325,-0.012558331129067055,-0.12446956023045289,0.24254764583805827,0.24868684205530336,0.26926377813179764,-0.1193244684792049,-0.031651830283381664,-0.23744058123247846,0.6552453679538901,0.2434623153524902,0.166972158907811,-0.16841383930312326,-0.3517157798973606,-0.11956983248482686,-0.27399448614741345,0.24388921202928776,-0.3039904173538786
-1.0510084846068797,0.3874794654617189,0.21536560765139381,-0.48529490062880537,-0.2627749326913577,0.4077118790965076,-0.6123969124847521,0.2518197876105753,0.07449754322201975,-0.24789312496949398,-0.03001917408026379,0.05255133824898449,-0.640178877688907,0.3594734634878423,-0.18153072923660166,-0.5289081430476525,0.024238152977199008,0.38982953156806904
-0.36635828628528855,-0.44827778145381236,0.35087421232918176,-0.2949171670442394,-0.194977971648906,0.6678400813194342,-0.30316595123733237,-0.23198361326915357,0.14656469664097835,0.7657090794121836,0.31052024204328166,0.1825803786185854,-0.8562384304959255,0.597481066387263,-0.5685743065988867,-0.3952255602232709,-0.27789889059180406,0.4160151265146582
-0.2893026666946783,-0.6164980326722795,0.5326338262654094,-0.16901277144864188,-0.1827150636732114,0.40109661732485025,-0.8099543503374543,0.31671613978867685,-0.15123245877895997,-0.198481126671375,-0.27515967774344063,0.259733804013395,-0.11655931462818502,0.015593130101207272,-0.10261055988171021,-0.7770992940867946,0.40575965565518896,-0.013216875256879725
-0.3075187797174038,0.12623278234782018,0.2554499268107662,0.08743933501196273,-0.16321676313840075,0.004004631546160007,-0.2524449061102834,0.07329088654696214,-0.022068310690769897,0.25588072031751424,-0.6200660037731442,-0.5299585559890845,-0.7547856748209179,0.721475628141207,0.1349454762916543,-0.5276265479229068,0.3316171399358274,-0.22707423347814856
-0.8881569359229586,0.45689434725545675,-0.22374963098262457,-0.36806273535981515,0.07013124737282993,0.14530099667506075,-0.5253208857560773,0.28341122556036796,-0.12002598476839897,-0.25367523114104057,-0.2854669439006264,0.27700299871142947,-0.4053976533364849,0.44177369158532487,-0.29821299790226663,-0.7670369347327084,0.48072096661318736,-0.24114319081149135
-0.16569155756895465,-0.202487858524525,-0.011149603124990803,-0.10437774763373503,-0.30667955715914624,-0.20974126612293084,-0.39960265083934016,-0.11369877220303323,-0.07104476773614254,-0.1504087350754713,-0.06715518470647291,0.2502275919716573,-0.0960538927023563,-0.37005164565410176,-0.07327516325309949,-0.4059454335978787,-0.22633119580516484,-0.0044893598060804585
-0.1462515327127466,-0.10842674224740118,-0.14165320006885382,-0.3288153493956453,-0.2585053723654815,-0.2393317025687722,-0.49473321004041737,0.3288412543779236,-0.2631902062793866,0.05756156069862755,-0.5995031757200655,-0.22524018497381632,-0.5259354899282287,0.355365357953622,-0.20337683777280366,-0.5806478335907416,0.41404043773468346,-0.3213872201064238
-0.12286300077846218,0.06276061553064213,-0.2985664619923282,-0.0750803737584994,0.1785413603145389,-0.2801268581728559,-0.7359323231940391,0.3249261651659519,0.10304604055663526,0.35957981499938246,-0.339285912813981,-0.2955753531925018,-0.29020157894584775,0.1694501532368698,0.1637085269700693,-0.71656733933961,0.3870792804258322,-0.09515500834390707
-0.42885102801554037,-0.09801942688587462,-0.14154608142845995,-0.08959720666808255,-0.006828713000290018,-0.32141980233882383,-0.19813049399586824,-0.04524635282367479,-0.06349257254621635,0.1066605109741498,-0.13057286137999202,-0.10307072569802386,-0.15507584870388053,-0.39363848978800525,-0.17916929742741153,-0.41532502640955865,0.051744684733156666,-0.21112063521575575
0.025111757019815915,0.01685287769556755,-0.01608643405951148,0.010230656561184024,0.28313181229722373,-0.03543208246471763,-0.1445824397697539,-0.4193314610321591,0.08149091595178111,0.5396272168690494,0.4229210724117179,0.056032348951807094,-0.19539019249523937,0.10704659099761885,-0.020346372455187816,-0.055894856679267586,-0.27013040571244057,0.10641834444301392
-0.6561988005765721,0.2755946135515514,-0.35518603171690893,-0.2579360050560416,0.2471823160346705,0.12143985284378042,-0.502678897479409,0.17492077150581412,-0.11484902303351699,0.21238064629752484,0.3787584826782806,0.3501078047182387,-0.8292590995099391,0.20966554556755243,-0.1636771089431381,-0.5714978846048372,0.09076596634043343,-0.07848575259511106
-0.11368870757409172,0.1358144673331903,-0.39838312616498767,-0.027543392686332546,-0.24872517817503373,0.027395436429733022,0.033272566150777325,-0.027122821763064624,-0.11834951738790485,0.06712108930385084,-0.18874258886836587,0.17239323426620026,-0.00592760564487993,0.10744844316929497,-0.12940528563725492,0.018903943037542587,-0.4203268485479555,0.11660095390131173
0.023849510885480693,-0.13518432133133484,0.275057429525843,0.004292550885795752,0.04237137969311401,0.08551857529892415,-0.22697516829214603,0.054061134534543795,-0.0220654546986396,0.44286101949939394,0.04139554501616842,0.14305548301320117,-0.17912539348644357,-0.020228755152897623,-0.04887353614454443,-0.42270445350897357,0.22287595725619436,-0.15941723988017728
-1.175137899559902,1.019813745392134,-0.8665541316842299,-0.45200249564065076,0.84320512029216,-0.5626319249161237,-0.922605998148061,0.6916617346260902,-1.0713636273575247,-0.056544969507162784,0.4611937433843506,0.23697766186134592,-0.7595992267600804,0.682563501186921,-0.7276161565637412,-0.9495679721790715,0.8179817784381965,-1.0398193845128405
-0.56891148639986,-0.45441928152578426,1.0174025912443254,-0.4854309845939155,-0.43801538641833626,0.9459251315630747,-0.33103102023291264,-0.3696198240125749,0.6567962586979091,0.09136105745159605,-0.21691116042813857,0.40505640958956646,-0.8693679384870121,-0.7602301375770351,1.2680698475036578,-0.4409225475366499,-0.4962051194775502,0.769088062777871
-1.0517925596081024,0.9640015437205911,-1.2134340291102013,-0.5266641148886025,0.6412021213741885,-0.9537376089237801,-0.665947188038079,0.70525209217786,-0.7605488598076168,0.24962079698809245,0.3077942007053747,-0.19569706441401116,-1.013621584724425,0.5874902123950227,-0.6082592163008481,-0.8882029213225819,0.7592423229777099,-0.9244557025640603
-0.5346030354484347,-0.2681292242483958,-0.12006614106894212,-0.43399259402837603,-1.0827001442554847,0.44358393401608026,-0.37794248919058204,-0.2587994753780456,-0.052712154251658885,-0.38110954125950686,-0.3900372955737768,0.12911353396423372,-0.576715275461764,0.18770230187452308,-0.36875363625849017,-0.232481237072439,-0.6607404155009049,0.21306182756705397
-0.4031952896516669,-0.012157476887440153,-0.6461419685314596,-0.24238804534887393,-0.20318206794997226,-0.32426804745401105,-0.4662150708443724,0.17712654942779305,-0.36660948930755216,0.1003809563971564,-0.40169542306445083,0.15305224977053758,-0.35427705855375213,-0.04918558664044108,-0.07986418933748507,-0.6254526836873109,0.195086001509016,-0.40631952997841775
-0.5059378396058779,-0.04719550667500618,0.2896198205073456,-0.2215248104208968,-0.11548761069117043,0.32268804213776753,-0.3786000020454723,0.09496048883637298,0.06875509504533564,-0.17446242120380673,-0.1881488566015982,0.27052048349175245,-0.13718727795698873,0.11393229487577683,0.02763314397697273,-0.6880268916832346,0.35234923810963004,-0.008092645710465085
-0.12515790214747669,-0.14187101551231815,0.2633937289665096,-0.1985100857821424,0.0027841356935959516,0.2409772459818765,-0.440860101598879,-0.27447316018920714,0.042583735160517784,-0.14943829953985374,0.003506038956043969,0.07663155143131616,-0.1458691767272685,0.12781921158965598,0.11696979819571303,-0.036192791682447614,-0.37193443609495885,-0.1609308668961483
-0.18919855982999442,-0.16139328055783114,-0.09396358127809526,-0.1875246058393604,-0.08927063848757417,-0.10747154710456785,-0.4238758337323624,0.31317090155758076,-0.26039323798643277,0.017695756573419066,-0.4474123742365099,-0.17495415485254814,-0.11505706206531739,0.23551670193817675,-0.3879072254819644,-0.592415864458215,0.4978660507541012,-0.42199372458317946
-0.4216642801429661,0.023685953856744033,0.09639678786276544,-0.46351540651146333,-0.0836162775097704,-0.09822676087697431,-0.5374063866767015,-0.986031461490308,0.3486432758134535,-0.24153541580311166,0.041567542524963114,-0.014949310643780809,-0.48409812309138467,-0.23580837018106723,0.409958343459405,-0.44169885511082513,-0.8801926109431536,0.508761135728615
-0.41976943654527665,0.31107075572056114,-0.2007555026743464,0.1612316169995102,0.6307644460624879,-0.3162175956536727,-0.39916430893607996,0.4058610551498626,-0.12884814445893794,0.4431104770958947,0.02242881517485068,-0.37822654598068833,-0.5221905585788844,0.6691411036500475,-0.05618280421647589,-0.6241632638374743,0.5315410889429832,-0.34720515459354456
-0.6278288766497241,0.24623019828327733,0.07987968411925113,-0.23235290114632795,0.42997878562473524,-0.16867805294029078,-0.4260519939581751,0.17014352966950402,-0.07427013484864342,-0.6704971101368269,0.5024715786992777,0.21172116125713544,-0.40867186362345564,-0.07057206888322232,-0.3552514013854008,-0.5202026621582023,0.22993368145357426,-0.14045025868941277
-0.3989990025149491,0.002578325788983593,0.5659886561800395,-0.3937054732335536,-0.4491230604277754,0.9142106169226257,-0.36183342424577725,0.036306621457104615,-0.04459542461730748,-0.6044297687904814,-0.48346711241451473,1.331422167091223,-0.5220437059334162,0.05950547574417518,-0.3623316206004663,-0.2618168427770726,-0.004797267819399723,-0.30843846870866715
0.04635155285126661,0.16055558087821747,-0.22294719853168107,-0.26304719136891497,0.19774778963517672,-0.16073715195961405,-1.4577955465443717,0.7028055779192302,-0.3764007823276443,0.04681231922642069,0.09840529356961165,0.19788562097802406,-0.24286456757319325,-0.37395623342181145,0.1542181899684207,-0.9831592798816582,0.5504235288060806,-0.4036658811646171
-0.04742889099600667,0.1635561364120854,0.07214313676644675,0.17643912233168968,0.17853179295248447,0.1907130592799063,-0.1688556226627762,0.0724312329157377,-0.0948389901711626,0.14598392965701737,0.2950159975684662,0.25729005975099584,0.011032552677308982,-0.028405149339494562,0.027004073910706576,-0.49785014937148275,0.4112120663662949,-0.15079916896084494
0.1279982124872584,0.0113304628756665,0.2963700857196021,-0.24126341545887658,-0.1485237952045148,0.3603561133120741,-0.37979433564337484,-0.24716582943455703,0.2140184707721038,0.36611521288435067,0.3443470132663433,0.06639268853074638,-0.10339009531138083,0.019951145319314495,0.07427915796456855,-0.2599775581549351,-0.3184382577840565,0.1968484890795641
-0.6491337904112471,0.32073167468291097,-0.3338240980908013,-0.2959057277850182,0.24029149852041753,-0.23315390116462112,-0.611415085856842,0.3694932083614644,-0.16019551408126098,0.6266634271404165,-0.13010175588638095,-0.3088619910900513,-0.9914075757873297,0.6221052827939657,-0.17188816284085146,-0.7589958441373448,0.5259501005721697,-0.20147808421844343
-0.4042867280991341,0.28719633985703213,-0.238358536888186,-0.2535521901294638,0.043971579334291216,0.02898364710427414,-0.07383316805270544,-0.09520622315925209,-0.16173108584999296,-0.46598699583564746,0.13670133313487254,0.03798261373374847,-0.06471979744175721,-0.21890841218421084,-0.6283806393260861,-0.040091520237236174,-0.328212584265287,0.02893832307160651
-0.5418772839188191,-0.1377470062032344,0.4714383044478094,-0.3435703773958193,-0.31599565095056326,0.6535355368555561,-0.3901338733750007,-0.2607570199840314,0.5742333342000475,-0.07567442757481332,0.022651683542918633,0.4054086862420815,-0.44281982594251307,-0.04166243765075678,0.3803983837124557,-0.2908428976148505,-0.4394719057469183,0.5851765880084273
-0.024637793287379136,-0.10992242734430394,-0.15981063360515638,-0.09478500595684963,0.11537760269542251,0.15461129242600924,-0.1365293881821598,-0.24251187125853882,0.1072405409986893,0.3174297929869201,0.3714461133505086,0.11304885758620319,-0.027678752821334113,-0.02277811059670602,0.07142683778825018,-0.1355602797333292,-0.19978950600332024,-0.01775470771060157
-0.6514032491847593,0.5382866290950971,0.02021374408970646,-0.4450588205808316,0.37524402398647694,-0.005579131700365193,-0.9056224707239487,0.25059777997781735,0.38069607549196405,-0.2530585729107173,0.036741128081306,0.05194873620358019,-0.3473814212885791,0.21842679291479333,0.0798229403050447,-0.9703044421216274,0.2966411522832437,0.36915777650554016
-0.8659076676993815,-0.23253773187873159,1.0982867192100227,-0.43881024789522166,-0.3735433003722154,0.9238874155026979,-0.6101119072255285,-0.16120713029375255,0.742724493922657,0.12645882416661025,-0.03108632869825688,0.418695190795308,-1.038727542623428,0.13903446386541513,0.9009020823154792,-0.57866047197408,-0.34159526493874504,0.8357964862932252
-0.11330888385294607,0.02911476489361527,0.016658100618647705,-0.07519946389584892,-0.16336987426702793,-0.005518993996023111,0.04949047612899302,-0.013408347553298321,0.003962153582285799,0.21825016708089992,0.20740992736818054,-0.0732440960580596,0.10647846848294565,0.13274152985735094,0.0524314589435808,0.043396518136638355,-0.13176294657451096,-0.01367401195586237
-0.6449719626547504,-0.047409161685727785,0.05852735259092191,-0.3962822827468807,-0.2542168439942777,0.25208912029660785,-0.6060846409893274,-0.5149679275058757,0.45177981562071806,-0.10202775508377776,-0.400192649210839,0.29267749055079856,-0.16303182503263594,-0.2673797741315293,0.08707479854291429,-0.5929122602757276,-0.19568726049839144,0.12329292301059272
-0.27975498821281136,-0.15343675062143886,0.04924362913002568,-0.3144941158880639,-0.39026713258275336,0.2615800006016152,-0.5994428726240535,-0.03801676574480202,0.4396066251639443,0.0014050509848038376,-0.6256384630366618,-0.08139581551465247,-0.34119523230182724,0.12854526551337242,-0.3367671872079123,-0.6300779261111505,0.09931176652371876,0.2828118335070492
-0.43883505367839143,-0.7271827390523196,0.7323848946192004,-0.39019963323223106,-0.5605373583903325,0.8470614886811071,-0.35802606940361015,-0.21814752139450483,0.26412018871682,0.15503353475456338,-0.3771076466218757,0.2663501016875474,-0.38454082951162166,-0.08485155438527513,0.01954384311818554,-0.4311297855288794,-0.20307068887768234,0.380540007778107
-0.3695559478440369,-0.39039264357283515,0.5784057975346873,-0.504002452948659,-0.2967652698890332,0.795499017139277,-0.47536471763252064,-0.8231737462447424,0.6030617187634341,-0.2662633352772898,-0.048181087591302296,0.309901881556262,-0.14856114683067917,-0.2617006434405606,0.12038544522586743,-0.2637276169329955,-0.7591968417631185,0.5736589991537675
-0.47584377604184386,0.47223372346175935,0.012682851190211411,0.13870768358865393,-0.0372147548924348,-0.029347354492120448,-0.2977244400091945,0.11577876747160622,0.013898150203647113,0.5091545128177646,0.2176780069624071,0.029450520070838686,-0.2924864653678288,0.1367785183405762,-0.17737792584177897,-0.19835701816858195,-0.12061378032786751,0.1039753534878309
-0.6388671474492035,0.3244428771390709,-0.05671838714663854,-0.3524808768924763,0.17053349494285744,-0.43270451945444144,-0.29021931580067534,-0.4822677696111609,0.5343455961107101,-0.22238967491200354,0.15352753656113827,-0.12962763823975632,-0.24275457438617906,-0.28771330068396245,0.4048592301886612,-0.1573062577690591,-0.5477716138802265,0.21489677641078614
-0.2076260523663117,0.025146672981268447,-0.25315813207284094,-0.08969927334588809,-0.053412132171806785,-0.04621035157953026,-0.2622379973476428,0.2223100109247649,-0.14633919226235564,0.053887998676631674,-0.14329372645795554,0.0033179472636774487,-0.25517696744478763,-0.12187033777428372,-0.21587223863336583,-0.24427961838875006,0.05843389105395176,-0.1945952731127883
-0.9286587103052855,0.1938604820277255,-0.1544636463967861,-0.5120919594394744,0.42591990727859425,-0.05406374143770205,-1.1362673178487392,0.8498663246933423,-0.0637734117723639,-0.05233677082960326,0.10717411626674897,-0.05924010380045963,-0.4660487736978404,0.1293382781322781,0.10413782408768146,-1.1823216519524047,0.8027167623350456,-0.16061625197560808
-0.4268195249321097,0.2880869344259698,0.1413605254136923,-0.4559380113166782,0.20853972402894155,-0.016160586510058007,-0.8005877539248885,0.3628850375702789,-0.5689708117009283,0.15508534643211647,0.18098331604163043,-0.10411452601028055,-0.9501318045780346,0.757148654257519,-0.5173953443049589,-0.8784126490000674,0.548250033577407,-0.540320640085885
-0.8318394321909872,0.30687464732659697,0.06025590165704818,-0.4997436841478874,0.06316854130014346,0.13269933788735172,-0.6057566250042865,0.25194223827316237,-0.006533617496616949,-0.055896175294965725,-0.3838271504209805,-0.04022006004137697,-0.374782821222163,0.16902516760684325,-0.3148677545740141,-0.49649172967311667,0.10927415315912385,0.13418143445388167
-0.24721454574189433,-0.20494117783657295,-0.698952267946343,-0.27521256447767267,0.1922848759057305,-0.3210752058638319,-0.8428166651186793,0.4279013414178538,0.04649834837380097,0.031353222917010974,0.055624151023780204,-0.41204356163782396,-0.3638596658953149,-0.11805026712998529,-0.20449931050550002,-1.0332026648701809,0.5560884074786056,-0.12997925222061985
-0.6209345630358765,0.35183061056001447,-0.7574948673206234,-0.51199421900204,0.36240689094085654,-0.7903925936064405,-0.7433389685628053,0.08883962170242232,0.031669085235835635,-0.209021476853384,0.09188563957479493,-0.8448383359023743,-0.6071313657613113,0.2274325749168736,0.07505086689691706,-0.680062269992169,0.3270868908601566,-0.16376346818897708
-0.49166685514534364,0.2265543080084658,0.08395784174441266,-0.32887486483253675,0.4203372848483204,-0.22846588423344757,-0.34594427069500655,0.0027559729059166774,0.19498233122618627,-0.3837078591079066,0.6151340139616505,-0.7680163092489157,-0.37168713041845985,-0.4026729636118075,0.5172947711423971,-0.2631626954927168,-0.08477685062195228,0.3028415546328943
-0.000399964695435135,-0.11248498718888861,-0.18962652846093306,-0.011510627371506864,-0.0028032204140704398,-0.022781277247739398,-0.19280153001316183,0.09973689767497847,0.060919204637131644,0.10119484569742178,-0.2508162881090783,0.11315509491335814,0.015329316638478295,0.04242000007808376,0.007209033601676228,-0.626987989595309,0.39040967904266977,0.016646086432942235
-0.22452146203906098,-0.20694696604279375,-0.024994446867159587,-0.28537539203474444,-0.05737060322001088,-0.10450304562969995,0.0013824522462084095,-0.2610069192954339,-0.00667641710313265,-0.050507020027641354,-0.15747819549461198,0.05036180541403427,-0.2952821545502732,-0.46175909958980066,0.6471963588665133,-0.03231149092445261,-0.45061587032972283,-0.16506171202533415
-0.1795270987496846,0.11071229990842113,-0.34058933800316465,-0.23122397464774253,-0.07018858487364381,-0.34464105204141837,-0.7543263933980674,0.1656128551537777,0.003398571135237231,0.2876813708507587,-0.2855717858746858,-1.012325511065632,-0.33167465492511433,0.16369938049206878,-0.03850859441638614,-0.6199029381383311,0.14204170107211628,0.29686905375275563
-0.12919288737776616,0.17019119431204732,-0.30232921737796625,0.2926444870434665,0.30237654440183553,0.5005181674240402,0.0737651399068237,-0.026874588447071524,-0.20595041200363973,0.05655752239358171,0.11846097982575396,0.171444679899035,0.1382808773855008,0.11492145855471562,0.016153053365221142,0.17313555807161965,-0.08003573409681314,-0.2074655232101194
-0.08525808149670555,-0.15621894178239362,-0.3597400361578637,-0.0737770642148026,-0.060499247286957034,-0.055958202943003035,-0.1984577695385049,0.01818309039649442,0.08666692568928629,0.44504435499818357,-0.11559634373199593,0.16557952984625146,-0.09767460516466024,0.011771192780154328,-0.06083928652373948,-0.3313730766829432,0.061605705611701686,0.35812720057293757
-0.3424173003225788,-0.38593963738752973,0.18953717441587078,-0.2510178725934841,-0.012425653137888987,-0.10915262167162333,-0.3300528958170234,-0.15692135710320052,0.27601349194482294,0.2235122600243191,0.050167251284293335,-0.38436177543537303,-0.28502054353926143,-0.2151421251639014,0.32875855226124756,-0.3813849256582206,-0.04330225094666948,0.2692201335943515
-0.5805642544120206,0.2622250343551098,0.320475352017218,0.09715127053743948,0.03717641877270446,0.15147868378519025,-0.3621606997884139,0.1747999868386363,-0.0272433684308983,0.12015685292729542,-0.13585884703330958,0.1695465615576864,0.025405208127312267,0.20152781825658447,0.06502555557560659,-0.48251677066067167,0.28205435311908444,-0.21079367348874087
-0.9400998765330724,0.4495871675164765,0.08199078342811447,-0.38259245809516257,0.22368254132604537,-0.3788593296160839,-0.5576478606790976,0.4901096100029696,-0.38717834463007134,-0.3640287705563585,0.02894246867512662,-0.40937332251799746,-0.3007526581878606,0.30418778138146857,-0.36784184085480537,-0.4723343136320835,0.5122713251878834,-0.5432942388600607
-0.2605870598387854,-0.3677736853235106,0.3905323717184072,-0.1653494829664018,-0.10713048660086782,0.6432166154133779,-0.10169453483626478,-0.09753111975299944,0.15762309816955303,-0.0606920964847297,-0.0333608994941333,0.23002815577288585,0.005278195653878641,0.16312575239208688,0.11493158718088095,-0.38835272479527494,-0.10164011128359596,0.19187806111009945
